0 26.0684 0.0215877
1 27.215 0.0239249
2 26.9226 0.0219675
3 24.9382 0.0238355
4 24.9049 0.0217795
5 25.0585 0.0235412
6 26.933 0.0214229
7 27.2729 0.0216517
8 24.8059 0.0213413
9 25.0343 0.0226259
10 25.3338 0.0240838
11 27.7106 0.023472
12 25.6098 0.0225835
13 24.3142 0.0249935
14 25.09 0.0273124
15 24.7265 0.0215287
16 23.0658 0.0237431
17 25.4258 0.0267375
18 24.4827 0.028467
19 24.9685 0.021658
20 24.8766 0.023056
21 26.8123 0.0225515
22 25.1554 0.028021
23 27.1014 0.0232434
24 24.3158 0.0279788
25 25.4673 0.0235623
26 25.4517 0.0247101
27 25.5166 0.0218478
28 24.2496 0.0228412
29 24.219 0.0236523
30 28.0219 0.0229706
31 23.5334 0.022931
32 25.0524 0.0240558
33 25.8198 0.0223786
34 25.855 0.024968
35 27.2503 0.0222957
36 24.9026 0.0287246
37 24.6561 0.0242977
38 23.2297 0.0259889
39 23.6202 0.0276818
40 26.9963 0.0258838
41 26.3813 0.0259106
42 25.2452 0.0226202
43 25.7206 0.0234743
44 24.9949 0.0219519
45 22.2754 0.0270881
46 26.6036 0.0244804
47 25.5666 0.0249891
48 24.6815 0.0245383
49 23.0893 0.0231257
50 24.6164 0.0260179
51 26.1488 0.0240844
52 24.3256 0.0295364
53 26.1157 0.023347
54 26.8574 0.0229745
55 25.5694 0.0227613
56 29.956 0.0254118
57 25.8024 0.0253114
58 27.0843 0.0217228
59 25.9468 0.0294212
60 24.0938 0.0275198
61 27.2886 0.0234916
62 24.0303 0.0272842
63 24.4332 0.0205699
64 24.4494 0.0218704
65 24.4241 0.0278757
66 25.0117 0.0263047
67 24.6107 0.0217078
68 25.5219 0.0262078
69 25.1303 0.02629
70 24.421 0.0283139
71 24.5914 0.0244534
72 24.1958 0.0241338
73 23.0372 0.0233214
74 26.0705 0.027202
75 23.9551 0.0239023
76 27.5935 0.0216601
77 26.7853 0.0246671
78 24.1715 0.0247744
79 25.227 0.024699
80 25.9491 0.0245665
81 25.8512 0.0268796
82 25.8358 0.0245611
83 22.9687 0.026726
84 23.6582 0.0243037
85 27.316 0.0247576
86 22.7728 0.0236477
87 25.6616 0.0247472
88 26.18 0.0236092
89 26.4253 0.0236039
90 24.6099 0.0237333
91 24.5061 0.0226075
92 25.5265 0.0244729
93 25.1442 0.0258458
94 25.8536 0.0227334
95 23.7102 0.0241008
96 26.4434 0.024555
97 27.8011 0.0228133
98 26.6995 0.024054
99 26.0212 0.0249823
100 25.2435 0.0260107
101 26.6236 0.0220268
102 25.9797 0.0212506
103 25.1528 0.0222642
104 24.863 0.0234418
105 25.8914 0.0275362
106 24.4148 0.0252074
107 26.1325 0.0251977
108 25.337 0.0246089
109 22.2532 0.0258974
110 25.6228 0.0258383
111 24.8162 0.0270796
112 27.9636 0.0244237
113 27.2631 0.0241245
114 26.025 0.0231782
115 26.3251 0.02449
116 27.8468 0.0246192
117 25.6769 0.022715
118 25.2542 0.0239336
119 24.7296 0.0246702
120 27.9927 0.0226818
121 24.9131 0.0244155
122 26.9632 0.023661
123 24.5749 0.0260747
124 23.7616 0.0250858
125 24.8119 0.023325
126 27.5846 0.0233466
127 26.0952 0.0229631
128 27.0486 0.02143
129 26.1882 0.0229012
130 24.686 0.0245547
131 24.2514 0.0249168
132 26.357 0.022415
133 25.2661 0.0257577
134 26.9677 0.0256282
135 25.2628 0.0220958
136 27.6487 0.022931
137 27.2536 0.0232051
138 24.4174 0.0239778
139 25.1883 0.0227625
140 25.7665 0.0236399
141 25.7994 0.0229764
142 26.6739 0.0236258
143 25.5377 0.0278072
144 26.0149 0.0286476
145 26.524 0.0241125
146 27.3817 0.0242953
147 26.9726 0.0243517
148 28.8452 0.0230771
149 25.1876 0.0231278
150 29.5644 0.022466
151 26.9789 0.0227624
152 25.7856 0.0242663
153 28.864 0.0237943
154 27.048 0.0236298
155 29.4382 0.0247496
156 30.3729 0.0242598
157 34.3586 0.0205222
158 30.6909 0.0241242
159 28.9746 0.0251755
160 29.6546 0.0240066
161 28.6992 0.0229818
162 24.4346 0.0234455
163 27.0658 0.0241738
164 26.1982 0.0228687
165 30.273 0.0245304
166 28.5618 0.022457
167 26.3874 0.0229288
168 28.5433 0.0231035
169 30.7125 0.022744
170 30.9316 0.0233256
171 25.7813 0.021557
172 32.5121 0.0221592
173 29.682 0.0240409
174 26.1546 0.0230308
175 25.1266 0.0254366
176 25.9076 0.0242013
177 29.2179 0.0229763
178 28.7546 0.0208421
179 26.5029 0.0237683
180 26.3852 0.0215265
181 24.5571 0.0232928
182 23.3046 0.0224087
183 27.4379 0.0255604
184 24.5327 0.026437
185 24.3539 0.0236245
186 26.2848 0.0246704
187 26.3376 0.0219124
188 25.1529 0.0239634
189 24.548 0.0223402
190 24.3959 0.0228955
191 27.3446 0.0267878
192 24.8865 0.0223671
193 26.9609 0.0216493
194 23.0918 0.0237377
195 24.6422 0.0241288
196 23.9303 0.0217031
197 28.8698 0.0201756
198 26.2042 0.0249885
199 25.6357 0.0234924
200 26.1122 0.0229136
201 29.0291 0.0259577
202 25.2692 0.0229102
203 26.7064 0.0222345
204 24.581 0.0221923
205 24.2564 0.0242558
206 22.9278 0.0256927
207 26.8131 0.021644
208 25.3329 0.0226033
209 24.3746 0.0247081
210 24.8313 0.0226981
211 24.8581 0.0223831
212 24.1119 0.0231033
213 26.7391 0.0224167
214 25.5138 0.0281371
215 25.6654 0.0273954
216 25.0152 0.0247223
217 27.2892 0.0242173
218 25.4135 0.024003
219 27.28 0.0220193
220 23.2438 0.0237558
221 24.8209 0.0248249
222 25.912 0.0235218
223 24.0728 0.0238849
224 25.7975 0.0220518
225 27.071 0.0227439
226 24.1629 0.0259796
227 24.1704 0.0228707
228 25.3943 0.0290306
229 28.684 0.023155
230 27.6983 0.0241466
231 26.193 0.0243456
232 23.8902 0.023685
233 24.5599 0.0222869
234 26.072 0.0214648
235 23.0326 0.0288554
236 25.9096 0.0238421
237 25.7075 0.0271926
238 24.1493 0.0272491
239 24.1851 0.0245554
240 26.2854 0.0252543
241 25.4989 0.0232258
242 25.1655 0.0278807
243 24.4361 0.0234854
244 24.4692 0.0251373
245 25.0919 0.0259037
246 24.6776 0.0274096
247 32.4532 0.0242342
248 23.4947 0.0287887
249 24.3219 0.023588
250 27.9731 0.022538
251 24.48 0.0280868
252 30.107 0.0213666
253 26.497 0.0227233
254 28.9067 0.0217076
255 26.2179 0.027234
256 25.3366 0.0229171
257 23.4375 0.0229784
258 28.0815 0.0221494
259 27.3758 0.0237777
260 25.927 0.0209454
261 24.6205 0.0274202
262 25.5791 0.022766
263 25.9155 0.0250121
264 23.4723 0.0259356
265 23.1244 0.022437
266 26.9436 0.0198673
267 25.5541 0.0218872
268 27.8284 0.0240554
269 23.458 0.0264935
270 26.8711 0.0220998
271 26.5641 0.0231815
272 26.243 0.0236443
273 24.2416 0.0234264
274 24.6066 0.0231831
275 25.0975 0.022768
276 28.807 0.0258054
277 25.245 0.0205005
278 25.614 0.0224228
279 24.362 0.0227798
280 24.0606 0.0226434
281 27.8961 0.0220218
282 25.3505 0.0232326
283 25.3981 0.0267085
284 24.591 0.024494
285 25.4101 0.02233
286 25.6561 0.0246909
287 26.8057 0.0229585
288 26.4409 0.0238683
289 25.7846 0.0233619
290 23.4983 0.0254753
291 25.7227 0.0216088
292 25.7222 0.0253702
293 24.8066 0.0226572
294 24.3582 0.0258282
295 24.9921 0.0227859
296 23.7272 0.0251741
297 25.9771 0.0229194
298 25.0759 0.0244296
299 26.8393 0.0209156
300 24.0976 0.0232816
301 26.7883 0.0226113
302 28.8465 0.0227229
303 25.5455 0.0272791
304 24.3836 0.0239381
305 26.4815 0.0242756
306 24.69 0.0245393
307 25.7861 0.0223034
308 26.3694 0.024643
309 23.9018 0.0227085
310 25.6889 0.0234366
311 24.8375 0.022108
312 26.577 0.0237542
313 26.1001 0.0254294
314 25.1985 0.0229491
315 25.6679 0.0220961
316 25.3822 0.0226344
317 22.7795 0.0249231
318 26.3603 0.0226201
319 24.722 0.023976
320 25.0302 0.0226604
321 24.873 0.0240927
322 28.0461 0.0245573
323 25.4023 0.027297
324 28.5882 0.0246786
325 24.5774 0.0301641
326 29.7719 0.0245849
327 26.5906 0.0222812
328 27.2135 0.0226129
329 27.9847 0.0229791
330 28.6874 0.0251349
331 25.5878 0.0223823
332 25.7194 0.0277394
333 26.4764 0.0239332
334 26.6624 0.0240807
335 25.0093 0.0237681
336 28.015 0.0247173
337 26.4931 0.0232607
338 25.6873 0.023207
339 30.4767 0.0241987
340 23.2659 0.0257984
341 26.3319 0.0222078
342 28.2572 0.0238883
343 25.7769 0.0270541
344 28.178 0.0227683
345 31.4589 0.0253419
346 32.9381 0.021933
347 25.3384 0.023984
348 25.1713 0.0235122
349 29.5799 0.0226135
350 25.7296 0.0208254
351 26.6781 0.0231403
352 27.3648 0.0226972
353 26.9302 0.022984
354 25.9789 0.0224058
355 29.0458 0.0242478
356 30.6794 0.0260004
357 26.0066 0.0226825
358 25.0301 0.0221893
359 26.1959 0.022438
360 25.2477 0.0223698
361 25.0425 0.0292779
362 26.4516 0.0222844
363 26.6864 0.0191253
364 24.9485 0.0232247
365 23.4302 0.0284871
366 26.3483 0.0230385
367 24.9599 0.0223435
368 26.425 0.0241472
369 25.3815 0.0217111
370 25.5269 0.0220076
371 24.7036 0.022127
372 23.0664 0.0270088
373 24.1016 0.0237568
374 25.9439 0.0220887
375 25.2903 0.0210294
376 25.1792 0.0213312
377 26.0903 0.0215219
378 26.82 0.0248514
379 24.8755 0.0236018
380 26.2647 0.0252894
381 27.8901 0.0208605
382 25.1279 0.0208569
383 26.2188 0.0236214
384 27.2747 0.0240262
385 24.5295 0.026216
386 25.1564 0.0275379
387 24.4916 0.0221304
388 26.2617 0.0223242
389 25.9965 0.0249
390 25.592 0.0235405
391 26.4032 0.0246191
392 25.633 0.0223561
393 25.4731 0.0247729
394 26.5741 0.0231487
395 24.9367 0.0225887
396 24.9421 0.0235467
397 25.5044 0.0246896
398 26.3827 0.025281
399 25.5002 0.0248044
400 25.158 0.0244137
401 25.7175 0.0230548
402 25.2125 0.0235647
403 24.7969 0.0280175
404 24.085 0.02525
405 21.8558 0.0253901
406 27.3084 0.0210731
407 25.5186 0.023851
408 26.3695 0.0240992
409 25.1729 0.0233256
410 25.7088 0.0227201
411 25.0412 0.0249383
412 25.1284 0.0240653
413 24.2685 0.0248912
414 27.4386 0.0239598
415 24.093 0.022154
416 27.945 0.0210898
417 26.8677 0.0253522
418 24.5362 0.025772
419 23.2431 0.0224044
420 27.1163 0.0237606
421 27.2889 0.0229892
422 25.0645 0.0217721
423 26.6447 0.0226767
424 23.1447 0.0258483
425 26.3927 0.0227091
426 23.4431 0.0255378
427 27.356 0.0230798
428 25.0864 0.0234102
429 25.8803 0.0238983
430 24.0825 0.0250159
431 23.3727 0.0231096
432 24.2288 0.0226045
433 22.508 0.0245627
434 24.5345 0.0275547
435 26.1413 0.0227702
436 23.1565 0.0244298
437 26.697 0.0239906
438 27.0821 0.021586
439 25.0347 0.0309124
440 29.3126 0.0268265
441 27.0786 0.0236306
442 24.7281 0.0250911
443 25.6964 0.0235225
444 24.1435 0.0243793
445 24.9963 0.0215088
446 26.7826 0.0219079
447 18.2312 0.0286004
448 34.3119 0.0228242
449 34.2235 0.0213876
450 22.2787 0.0272163
451 25.2024 0.0229009
452 26.0684 0.0221868
453 25.2426 0.0280468
454 26.9846 0.0287741
455 25.6914 0.0225364
456 26.6612 0.0222686
457 27.1984 0.024406
458 22.7055 0.0298836
459 24.6389 0.0269379
460 27.5344 0.0235756
461 26.4045 0.0229956
462 23.1817 0.0280578
463 25.0777 0.0231523
464 27.8185 0.024093
465 23.9883 0.0217126
466 26.2219 0.022861
467 27.2756 0.022284
468 26.693 0.0220389
469 27.2273 0.0217622
470 25.8759 0.0216634
471 25.4303 0.0261674
472 24.8259 0.0256428
473 26.1942 0.0230669
474 24.8326 0.0266843
475 24.5732 0.021615
476 25.9582 0.0230684
477 25.4278 0.0270374
478 24.0111 0.023005
479 26.8861 0.0231459
480 26.7109 0.0270927
481 25.7043 0.0219066
482 27.9271 0.0211687
483 24.7565 0.0230279
484 23.6999 0.0238321
485 25.846 0.0232731
486 22.7902 0.0262797
487 25.6251 0.0250291
488 28.3381 0.0256781
489 25.5485 0.0245357
490 26.1113 0.0245545
491 24.1085 0.0245191
492 26.3592 0.0258949
493 27.7879 0.025901
494 27.4951 0.0224594
495 27.4212 0.0216598
496 25.2124 0.023455
497 26.0111 0.022491
498 25.6119 0.0238397
499 26.8725 0.0227223
500 27.3234 0.0227781
501 27.1931 0.0225042
502 24.9645 0.0238388
503 25.564 0.0226811
504 25.0875 0.0219019
505 27.8956 0.0225643
506 26.1232 0.0245716
507 27.1371 0.02159
508 23.3148 0.0269324
509 27.018 0.0230877
510 24.2863 0.0241153
511 25.6566 0.0219504
512 23.9484 0.0228227
513 25.6871 0.0238232
514 23.7671 0.0243257
515 26.0183 0.0223451
516 24.8991 0.025183
517 24.4693 0.0229936
518 25.7059 0.0239916
519 26.8458 0.0231459
520 25.2278 0.0210203
521 27.0145 0.0233277
522 25.9177 0.0211715
523 24.6276 0.0250137
524 26.3274 0.0243982
525 24.5883 0.0251109
526 29.8156 0.0234432
527 24.9738 0.0263695
528 26.7694 0.0221712
529 25.4975 0.0234593
530 24.6114 0.022809
531 23.5495 0.022944
532 25.6249 0.0240206
533 24.2055 0.0225936
534 22.1681 0.0238575
535 23.8683 0.0257438
536 22.9224 0.0245012
537 26.5532 0.0227595
538 25.4535 0.0273981
539 24.9197 0.0214528
540 23.1833 0.0233015
541 27.031 0.0236024
542 24.5727 0.0252839
543 26.1615 0.0227932
544 23.9222 0.0282895
545 24.814 0.0259758
546 28.3315 0.0232189
547 25.425 0.02004
548 24.7816 0.0256727
549 30.0499 0.0228854
550 23.9598 0.0242772
551 24.9446 0.0226848
552 24.1137 0.0226676
553 23.9128 0.0223481
554 25.4362 0.0220059
555 27.7127 0.0232966
556 27.1489 0.0258465
557 25.1804 0.0218193
558 27.0529 0.0254523
559 26.5552 0.0270702
560 27.0033 0.0215823
561 25.1298 0.0239251
562 25.5956 0.0231908
563 23.7583 0.0272145
564 23.128 0.0226704
565 24.8618 0.0234959
566 24.6097 0.0262474
567 27.1858 0.0216958
568 22.9487 0.0228023
569 27.9974 0.0231864
570 24.2537 0.0229493
571 26.6437 0.0219066
572 23.5002 0.0240773
573 25.0033 0.0235414
574 26.107 0.0218911
575 26.9028 0.0224842
576 31.0883 0.0252006
577 30.4618 0.0228277
578 26.533 0.0243919
579 20.6556 0.0224692
580 24.7055 0.025275
581 22.3432 0.0238989
582 27.1914 0.0239544
583 25.3687 0.0245071
584 27.5081 0.0238729
585 25.1942 0.0222609
586 24.4128 0.0229521
587 26.3578 0.0231115
588 28.3494 0.0237203
589 27.5058 0.026404
590 28.4541 0.0248475
591 27.6576 0.0248784
592 25.9437 0.0220376
593 26.4342 0.0222448
594 27.8114 0.0235817
595 23.8915 0.0237113
596 25.2731 0.0246222
597 24.6692 0.0243481
598 25.5736 0.0237532
599 24.1772 0.0228011
600 23.866 0.0211771
601 23.8356 0.0231375
602 25.9627 0.0225686
603 25.9227 0.0247481
604 26.1269 0.0231702
605 25.7314 0.0358401
606 26.0426 0.0224751
607 25.2138 0.0253547
608 24.586 0.0261275
609 26.4561 0.0222639
610 27.2377 0.024257
611 25.9988 0.0239769
612 24.9136 0.0262022
613 27.0666 0.0224002
614 24.7625 0.0240311
615 24.4861 0.0260641
616 25.7738 0.0234414
617 25.3494 0.0225353
618 24.267 0.0222594
619 23.481 0.0299145
620 28.1603 0.0215648
621 25.1193 0.0252927
622 26.9684 0.0218441
623 26.311 0.0244978
624 26.27 0.021411
625 26.212 0.0218906
626 24.6881 0.0286538
627 26.5748 0.0209676
628 26.8911 0.0232913
629 24.0762 0.0247061
630 27.3452 0.0214182
631 24.575 0.0211417
632 26.4833 0.0216192
633 26.7792 0.0230536
634 25.3294 0.0229157
635 25.7158 0.0213962
636 24.4798 0.0225523
637 26.0591 0.0245443
638 26.7047 0.0240498
639 23.9817 0.0234112
640 26.9083 0.025364
641 24.7347 0.023247
642 25.4806 0.024668
643 25.9656 0.0215358
644 25.083 0.0228878
645 24.2214 0.021506
646 23.7221 0.0244435
647 25.9055 0.0286411
648 27.1063 0.0232998
649 31.169 0.0229833
650 25.422 0.0214234
651 25.8031 0.0273647
652 25.0967 0.0252299
653 29.2564 0.0229041
654 24.6138 0.0254346
655 24.1507 0.0255468
656 24.9567 0.0228768
657 26.2464 0.0236204
658 24.1339 0.0266937
659 24.4177 0.0263864
660 25.2721 0.0231775
661 25.9256 0.0229917
662 25.1366 0.0252154
663 26.3593 0.0227474
664 25.4343 0.0250031
665 26.6948 0.021478
666 24.1706 0.0217427
667 27.7648 0.0227381
668 24.952 0.025914
669 26.1344 0.0214814
670 27.0505 0.0234049
671 26.6431 0.0267488
672 28.783 0.0241027
673 24.3247 0.0210869
674 25.6501 0.021163
675 26.682 0.0245374
676 23.5768 0.0242955
677 24.3636 0.024983
678 27.7504 0.0239783
679 26.0366 0.021743
680 25.5976 0.0219778
681 26.6523 0.0237147
682 26.3682 0.0233761
683 23.7662 0.0268011
684 24.7009 0.0296042
685 26.6333 0.0243917
686 26.8745 0.0230874
687 25.6532 0.0224318
688 27.1904 0.02419
689 25.9423 0.0259996
690 25.593 0.0250281
691 28.7445 0.0226335
692 27.8271 0.022502
693 26.2085 0.022576
694 25.3019 0.0229758
695 26.1647 0.0226605
696 24.3508 0.0230878
697 25.75 0.0231143
698 24.821 0.0238384
699 27.3794 0.0235724
700 26.3019 0.023246
701 24.3417 0.0282219
702 26.6336 0.0228214
703 22.2483 0.0302318
704 27.0825 0.0244998
705 34.4696 0.0232675
706 37.9123 0.0216158
707 34.8627 0.0223211
708 25.9016 0.0226064
709 23.3664 0.0250318
710 24.219 0.0250055
711 22.9014 0.0246085
712 23.881 0.0243555
713 27.4632 0.0227628
714 30.3809 0.0240702
715 32.5793 0.0207448
716 31.5914 0.0230803
717 25.8868 0.0200035
718 24.9071 0.0227453
719 28.8877 0.0229837
720 25.1467 0.0212632
721 27.6728 0.0221524
722 27.568 0.0215564
723 27.7588 0.0229999
724 27.2176 0.0211791
725 27.0007 0.0233391
726 26.9442 0.0212033
727 25.9121 0.0225173
728 25.7199 0.0225955
729 24.7132 0.0256187
730 25.4893 0.0221727
731 27.3111 0.0240844
732 23.6037 0.0278424
733 23.3165 0.0274615
734 22.7453 0.0265396
735 26.9558 0.0248579
736 21.9939 0.0282747
737 25.597 0.0225566
738 25.0395 0.0211974
739 22.9491 0.0276237
740 25.7338 0.0206928
741 23.6907 0.02514
742 24.4934 0.0276265
743 24.1448 0.0228152
744 24.8359 0.0300606
745 25.5252 0.0242751
746 24.6852 0.0218284
747 25.3546 0.0254095
748 23.8313 0.026657
749 27.0349 0.0236021
750 24.3657 0.0238045
751 22.8695 0.0295426
752 24.3167 0.0217924
753 24.9604 0.0287738
754 26.4646 0.0238974
755 23.8291 0.0231827
756 26.7614 0.0226265
757 24.1939 0.0259359
758 25.1565 0.0257157
759 25.1662 0.0244456
760 25.1816 0.0212093
761 24.097 0.0229094
762 26.0325 0.0248515
763 25.6129 0.0221263
764 24.5303 0.0229711
765 25.4653 0.0224162
766 26.5111 0.0266526
767 28.1539 0.0238793
768 24.8963 0.0268759
769 24.9762 0.023524
770 28.0615 0.0215034
771 25.4395 0.0252639
772 27.0902 0.0242116
773 23.474 0.0213303
774 24.5975 0.0243581
775 26.5833 0.0238804
776 26.441 0.0249142
777 26.2104 0.0256999
778 27.3044 0.0215303
779 24.3592 0.0218428
780 26.7905 0.0231599
781 25.9917 0.0206617
782 24.8213 0.0221684
783 25.9231 0.0231923
784 26.1161 0.0216202
785 24.3372 0.0240038
786 27.0064 0.0211679
787 26.1466 0.022479
788 26.0861 0.0231261
789 25.991 0.0261112
790 25.5376 0.0223956
791 25.7619 0.0240327
792 29.767 0.0213829
793 23.0533 0.0258669
794 25.4189 0.0235577
795 21.1328 0.028865
796 25.0024 0.0272466
797 25.5053 0.0261757
798 24.0502 0.0250481
799 24.7188 0.0242015
800 27.2699 0.0235675
801 27.4408 0.0224783
802 23.7142 0.0243562
803 22.8894 0.0231642
804 25.8027 0.0264926
805 22.7405 0.0247484
806 26.9724 0.022105
807 23.7891 0.022977
808 25.1208 0.0233776
809 24.4718 0.0222095
810 26.9054 0.0227128
811 24.2489 0.0248629
812 24.5574 0.0251659
813 25.1966 0.0256557
814 24.9761 0.0308039
815 23.3367 0.0270355
816 24.913 0.0221695
817 23.935 0.0307568
818 24.5094 0.0217688
819 25.2795 0.0281826
820 25.9815 0.0235264
821 24.8917 0.0232477
822 24.7552 0.021192
823 23.7966 0.0234957
824 24.8685 0.0223198
825 26.0842 0.0240921
826 24.3845 0.0237343
827 26.0011 0.0225778
828 25.9419 0.0239811
829 24.9305 0.0224427
830 26.0117 0.0214379
831 26.7333 0.0215129
832 27.4585 0.0214493
833 26.3255 0.0219719
834 26.4242 0.0234982
835 26.74 0.023707
836 27.3068 0.0232851
837 25.7196 0.0234252
838 27.0985 0.0265339
839 24.5575 0.0214324
840 26.1072 0.02446
841 26.8066 0.0225408
842 26.3994 0.0215533
843 25.5403 0.0249359
844 23.078 0.0243721
845 22.8661 0.0236566
846 25.402 0.0235248
847 25.6644 0.0253541
848 26.0016 0.0232855
849 24.8747 0.0232579
850 25.7285 0.0229677
851 25.1056 0.0234816
852 27.4458 0.0226026
853 26.0758 0.0249465
854 27.313 0.0247336
855 25.9312 0.0218906
856 25.6262 0.0228124
857 27.5602 0.0217386
858 24.5793 0.0222819
859 26.3456 0.0250049
860 25.2695 0.0281173
861 23.4401 0.02548
862 27.1788 0.0215194
863 27.3268 0.0233947
864 26.7043 0.0236162
865 25.4548 0.0215656
866 25.7244 0.020821
867 26.0314 0.0251191
868 26.6552 0.0223051
869 26.5097 0.0256731
870 23.8642 0.0257091
871 22.8187 0.0250171
872 24.2501 0.0221782
873 24.1736 0.0254637
874 23.5907 0.021864
875 23.5435 0.0250181
876 27.6847 0.0229559
877 26.5819 0.0227464
878 29.4928 0.0248835
879 23.8595 0.0236875
880 26.1162 0.0231984
881 24.5924 0.0227228
882 25.9302 0.0260863
883 27.623 0.0245707
884 25.6359 0.0228411
885 26.1381 0.0237957
886 23.7442 0.0208619
887 26.5234 0.0232598
888 26.2768 0.0233673
889 26.2773 0.027458
890 27.7623 0.0230773
891 25.413 0.0232734
892 25.9089 0.0228178
893 25.7142 0.0249277
894 26.5215 0.025022
895 23.9029 0.0203718
896 25.4022 0.0241329
897 27.2179 0.0235913
898 26.3656 0.0255947
899 25.2814 0.0275416
900 41.4004 0.0534981
901 42.6696 0.0531245
902 36.0569 0.054698
903 41.438 0.0524157
904 41.4953 0.0531242
905 37.0911 0.053676
906 32.3796 0.0540461
907 44.033 0.0539004
908 37.1855 0.0534335
909 42.1225 0.0532384
910 39.929 0.0522816
911 37.2725 0.0525357
912 39.0788 0.0518682
913 39.4808 0.0525186
914 33.6614 0.0537375
915 40.6769 0.0534257
916 36.5929 0.0537499
917 37.0269 0.054248
918 41.0039 0.0532458
919 36.2087 0.0531373
920 34.145 0.0530327
921 39.2817 0.0513634
922 40.5456 0.0540989
923 47.6007 0.0542919
924 35.7967 0.0511365
925 47.2791 0.0547312
926 39.0088 0.0536509
927 37.822 0.0549065
928 48.5407 0.0527493
929 38.2334 0.054099
930 36.193 0.0525955
931 37.9196 0.0575306
932 35.2285 0.0527709
933 37.318 0.0530256
934 35.0526 0.0545772
935 36.7308 0.0538025
936 38.8755 0.0534971
937 35.8016 0.0541473
938 35.201 0.0548188
939 38.5132 0.051943
940 34.9122 0.0543098
941 36.5845 0.0532932
942 37.6393 0.053398
943 40.8928 0.0534013
944 39.2095 0.0531544
945 36.0756 0.0526745
946 39.2212 0.054789
947 40.1448 0.0542263
948 39.8908 0.0544559
949 39.0708 0.0537538
950 45.6848 0.0531357
951 40.9918 0.0513884
952 37.0247 0.0549883
953 38.4127 0.0559612
954 39.2508 0.0523104
955 33.738 0.0550175
956 35.4923 0.0532319
957 41.987 0.0530968
958 37.83 0.0534904
959 38.9841 0.0539594
960 34.5119 0.0525559
961 40.7174 0.0528457
962 35.8188 0.0551372
963 35.4438 0.0521144
964 36.9229 0.0554289
965 39.9238 0.0544745
966 33.8226 0.0536718
967 35.5672 0.0525286
968 36.8441 0.0539684
969 38.9163 0.0518069
970 32.2467 0.0532477
971 38.5934 0.0540449
972 34.8752 0.0532461
973 44.8253 0.0544423
974 37.3454 0.0529417
975 37.1835 0.0533049
976 34.6113 0.0528874
977 34.2222 0.0545023
978 38.7351 0.0528088
979 33.8731 0.0536512
980 38.4651 0.0531458
981 51.4241 0.054544
982 35.9853 0.0526434
983 34.2658 0.051952
984 34.6602 0.0542454
985 34.4748 0.0527216
986 41.0799 0.0538517
987 37.2119 0.0524343
988 36.641 0.0535672
989 35.8428 0.0526154
990 36.6487 0.0542298
991 33.0918 0.0551699
992 35.1095 0.0553585
993 38.4503 0.0533038
994 37.0898 0.0541337
995 34.1265 0.0552931
996 32.2371 0.0538464
997 35.3615 0.0532452
998 32.0845 0.0529902
999 35.82 0.0517708
1000 36.6939 0.0539024
1001 34.3204 0.054154
1002 32.925 0.0524911
1003 32.1071 0.0539212
1004 34.946 0.05287
1005 32.5545 0.0529859
1006 37.1939 0.0536035
1007 39.1059 0.0536218
1008 35.1644 0.0525969
1009 37.7284 0.0530617
1010 37.1123 0.0532689
1011 34.1651 0.0517379
1012 38.7431 0.0524132
1013 30.6857 0.0512693
1014 40.1845 0.0520291
1015 34.8726 0.0535982
1016 31.6385 0.0537593
1017 35.0942 0.052477
1018 40.8801 0.0530988
1019 48.7733 0.0540756
1020 33.5291 0.0523033
1021 46.2486 0.0542487
1022 45.5565 0.0539172
1023 38.6092 0.0558607
1024 39.7189 0.0538456
1025 35.5359 0.0540818
1026 36.4428 0.0512111
1027 37.8393 0.053357
1028 38.083 0.0542922
1029 35.3565 0.0523794
1030 34.7319 0.0538455
1031 30.4932 0.0540339
1032 33.9299 0.0530312
1033 33.7164 0.0528068
1034 35.0221 0.0529863
1035 36.9363 0.0525503
1036 36.6058 0.0545236
1037 38.2006 0.0526773
1038 30.1485 0.0545348
1039 40.9412 0.05307
1040 36.906 0.0538671
1041 41.151 0.054154
1042 36.3881 0.0542093
1043 36.5537 0.0541802
1044 43.0798 0.0526541
1045 35.9877 0.0546123
1046 39.5262 0.0527347
1047 35.0861 0.0532015
1048 39.5266 0.0526022
1049 35.7016 0.0538807
1050 37.01 0.0531109
1051 40.0742 0.0547426
1052 43.7484 0.0523168
1053 37.613 0.0545603
1054 37.6549 0.0536298
1055 39.0195 0.0536886
1056 39.6356 0.0528808
1057 36.3866 0.0531198
1058 36.0628 0.0550523
1059 38.0984 0.053357
1060 34.8881 0.0542748
1061 35.6349 0.0537945
1062 36.8476 0.0535658
1063 48.6689 0.0535287
1064 39.3508 0.054547
1065 35.1653 0.0536324
1066 39.7161 0.0529667
1067 37.5478 0.0547496
1068 35.4318 0.0533503
1069 41.2673 0.0533289
1070 34.662 0.0553316
1071 33.7134 0.0521566
1072 34.176 0.0551186
1073 41.9018 0.0537528
1074 36.7775 0.0532998
1075 35.0318 0.0538496
1076 43.1868 0.052871
1077 37.0432 0.0526544
1078 41.4072 0.0553793
1079 35.3735 0.0548779
1080 45.2738 0.0518612
1081 31.8887 0.0540341
1082 47.8486 0.0543506
1083 39.7599 0.0522143
1084 36.4483 0.0521611
1085 33.117 0.0524635
1086 36.6681 0.0532942
1087 35.6797 0.0531024
1088 37.3638 0.0525853
1089 54.7022 0.0528343
1090 42.1964 0.0526607
1091 37.4781 0.0539003
1092 39.8563 0.0521595
1093 32.7123 0.054927
1094 34.7862 0.0526744
1095 39.5789 0.0528383
1096 37.4928 0.0531013
1097 36.1996 0.0526607
1098 34.7805 0.0531073
1099 43.2137 0.0553773
1100 37.7257 0.0548169
1101 41.9188 0.0527225
1102 33.4876 0.0554481
1103 41.8449 0.0542607
1104 35.1883 0.0523747
1105 30.8354 0.0545884
1106 33.3111 0.0544041
1107 39.8964 0.053531
1108 36.598 0.053447
1109 37.5274 0.0524969
1110 38.5446 0.0531623
1111 40.3723 0.0547653
1112 39.6263 0.0525157
1113 35.0561 0.0531621
1114 40.8213 0.0525691
1115 35.7216 0.0534152
1116 40.0833 0.0529818
1117 36.6244 0.053247
1118 38.2485 0.0529709
1119 41.8141 0.0509588
1120 36.7256 0.0540414
1121 40.0273 0.0538082
1122 39.3192 0.0538805
1123 35.6569 0.0542796
1124 40.3343 0.0536721
1125 38.3978 0.0524209
1126 33.7232 0.0539961
1127 35.9866 0.0534277
1128 35.9137 0.0530795
1129 33.2993 0.0538314
1130 37.3042 0.0531907
1131 36.5927 0.0517618
1132 33.0044 0.0553307
1133 44.9306 0.0549028
1134 37.8804 0.0536403
1135 36.0366 0.0544366
1136 38.02 0.0551746
1137 39.9813 0.0536206
1138 36.698 0.0540021
1139 40.0168 0.0542201
1140 33.0958 0.0537456
1141 34.6449 0.053252
1142 36.2778 0.0512002
1143 36.4116 0.050736
1144 34.8026 0.0543945
1145 37.2701 0.0545909
1146 35.5871 0.0530639
1147 33.3369 0.0537748
1148 35.0447 0.0562921
1149 28.0884 0.0521263
1150 47.3654 0.0553038
1151 34.6045 0.0534742
1152 36.2126 0.0537391
1153 35.4314 0.0559295
1154 38.1026 0.0530041
1155 35.5278 0.0533784
1156 41.8597 0.0548721
1157 38.4902 0.0534145
1158 33.5125 0.053494
1159 34.0945 0.0540121
1160 34.3492 0.0546479
1161 31.4374 0.0536089
1162 37.5564 0.055775
1163 40.1632 0.0550889
1164 35.1485 0.0512956
1165 35.98 0.0520862
1166 35.8567 0.0523456
1167 42.1417 0.0521551
1168 34.354 0.0553713
1169 41.8107 0.0548788
1170 34.808 0.053784
1171 37.1295 0.0531194
1172 40.0229 0.0558123
1173 40.7216 0.0536001
1174 35.7198 0.0552616
1175 33.3789 0.0564656
1176 37.0347 0.0533176
1177 35.492 0.0546665
1178 38.2782 0.05249
1179 37.9576 0.0524421
1180 37.7153 0.0545173
1181 41.3525 0.052087
1182 35.8358 0.0536719
1183 33.7493 0.0544479
1184 35.9957 0.0556231
1185 38.5546 0.0531956
1186 40.3642 0.0544848
1187 37.6825 0.0558116
1188 36.1538 0.0529257
1189 35.7965 0.0547704
1190 34.9512 0.0531756
1191 34.6021 0.0534393
1192 36.8678 0.0531638
1193 35.2128 0.0537095
1194 34.7379 0.054603
1195 32.6869 0.0561844
1196 42.2935 0.0520204
1197 35.077 0.0529695
1198 36.7471 0.0538166
1199 36.3084 0.0528535
1200 35.7675 0.0524249
1201 35.3926 0.052724
1202 35.6942 0.0532053
1203 38.6068 0.0520126
1204 40.6771 0.0542461
1205 42.5525 0.0522502
1206 33.3273 0.0519057
1207 46.6931 0.0544479
1208 34.9243 0.0543946
1209 34.9355 0.0519812
1210 38.3161 0.0541655
1211 47.5673 0.0557461
1212 35.2014 0.0522984
1213 39.1471 0.0539419
1214 37.1443 0.0535151
1215 42.1887 0.053121
1216 25.945 0.0531776
1217 36.5754 0.055026
1218 28.6704 0.0537838
1219 41.6354 0.0552643
1220 39.2259 0.0531794
1221 41.1853 0.0530835
1222 41.809 0.0551031
1223 34.6549 0.054041
1224 41.8985 0.0517969
1225 41.0518 0.0529047
1226 35.1018 0.0531423
1227 38.2435 0.0524807
1228 37.2424 0.052494
1229 37.6282 0.0523853
1230 45.9854 0.053455
1231 37.4 0.0533567
1232 36.8206 0.0528676
1233 37.8531 0.0516269
1234 41.2161 0.0552093
1235 44.0193 0.0533056
1236 35.6602 0.053787
1237 37.6141 0.0541813
1238 35.4539 0.0517992
1239 42.6095 0.0525932
1240 35.4573 0.0537648
1241 33.5829 0.0540788
1242 39.1384 0.0531933
1243 33.5385 0.0535737
1244 35.4756 0.0540375
1245 37.8362 0.0537143
1246 32.4087 0.0535776
1247 38.1649 0.0541212
1248 40.5482 0.0528203
1249 37.9705 0.053512
1250 37.8795 0.0534286
1251 43.9924 0.052434
1252 32.2732 0.0546639
1253 36.8327 0.0547009
1254 36.7547 0.0523292
1255 33.71 0.0530547
1256 39.9291 0.0523616
1257 40.7343 0.0530523
1258 40.1038 0.0540237
1259 38.1052 0.0535843
1260 47.5463 0.0536677
1261 38.9855 0.0529913
1262 40.7922 0.0543259
1263 40.6736 0.0518285
1264 46.9431 0.0537659
1265 38.8677 0.052289
1266 38.2264 0.0528921
1267 46.0457 0.054802
1268 36.0978 0.054702
1269 36.9345 0.0514819
1270 37.8928 0.0524507
1271 43.6332 0.0532756
1272 41.8896 0.0523924
1273 39.7593 0.0545054
1274 33.9114 0.053864
1275 41.2501 0.0524866
1276 36.4521 0.0567077
1277 44.0004 0.0533672
1278 38.7238 0.0538484
1279 44.833 0.0554049
1280 42.357 0.0529243
1281 41.2187 0.0541094
1282 37.2298 0.0552565
1283 48.4379 0.0526156
1284 36.84 0.0524483
1285 37.2931 0.0535747
1286 40.985 0.0530017
1287 44.984 0.0537531
1288 41.9886 0.0541651
1289 32.8044 0.0545975
1290 41.7952 0.0528021
1291 37.879 0.0537282
1292 34.5933 0.0543902
1293 40.997 0.0528998
1294 37.3488 0.0546126
1295 36.3602 0.0526933
1296 38.1831 0.0536706
1297 31.8164 0.0549286
1298 34.6569 0.0551889
1299 39.4927 0.0529778
1300 37.9129 0.0516105
1301 33.7639 0.0542403
1302 35.0135 0.0539306
1303 34.5923 0.0537184
1304 39.1518 0.0546896
1305 32.4907 0.0520956
1306 45.5711 0.0530194
1307 41.3937 0.053171
1308 36.6597 0.0522562
1309 34.2885 0.0533257
1310 36.2543 0.0548511
1311 38.4432 0.0522537
1312 36.5989 0.0530156
1313 35.5292 0.0532234
1314 41.1572 0.054117
1315 36.8191 0.0540842
1316 33.9431 0.0544352
1317 34.5306 0.0534593
1318 37.6149 0.0541493
1319 36.9468 0.0531171
1320 35.6656 0.0524941
1321 35.5502 0.0551791
1322 34.6861 0.0535255
1323 37.9757 0.0538621
1324 34.3664 0.054419
1325 35.408 0.0541768
1326 32.1757 0.0531458
1327 31.3054 0.0520423
1328 33.4773 0.0540255
1329 40.0444 0.0524308
1330 44.0549 0.054247
1331 35.2324 0.0533262
1332 32.3171 0.0524349
1333 35.2761 0.0553291
1334 35.8513 0.0534885
1335 44.8646 0.0514075
1336 37.0661 0.0542542
1337 32.791 0.0536151
1338 37.4625 0.0517599
1339 38.7179 0.0541631
1340 42.9891 0.0546931
1341 36.681 0.0520094
1342 34.6718 0.0529337
1343 41.5549 0.0538181
1344 36.2817 0.0533211
1345 33.4808 0.0538476
1346 36.9966 0.0547618
1347 37.2396 0.0529984
1348 43.4024 0.0536722
1349 36.463 0.0521825
1350 37.9383 0.0520359
1351 35.4734 0.0523203
1352 37.9174 0.0563188
1353 36.6599 0.0529488
1354 45.2244 0.0533133
1355 34.2456 0.0555219
1356 40.6821 0.0522628
1357 40.2611 0.0528122
1358 39.1984 0.054867
1359 40.2822 0.0545927
1360 38.0664 0.0539379
1361 34.1742 0.0532545
1362 33.1104 0.0535584
1363 34.1834 0.0550814
1364 39.0675 0.0554292
1365 39.5217 0.0524771
1366 31.9736 0.0534873
1367 42.2866 0.0518053
1368 34.37 0.0531508
1369 36.2442 0.0562137
1370 34.6424 0.0540038
1371 38.9255 0.0522722
1372 34.666 0.0542689
1373 46.4032 0.0545229
1374 40.8587 0.0517264
1375 39.5158 0.0529671
1376 41.0965 0.0540834
1377 36.0992 0.0537212
1378 41.9441 0.0545775
1379 37.859 0.0546224
1380 31.6343 0.0526519
1381 38.3422 0.0533598
1382 41.2344 0.0526338
1383 41.068 0.0540153
1384 38.7968 0.0537981
1385 35.713 0.0553679
1386 35.9835 0.0533645
1387 39.6395 0.0529173
1388 48.7637 0.0543379
1389 41.9389 0.0513576
1390 41.0483 0.0549399
1391 37.055 0.0537603
1392 37.1447 0.0514282
1393 32.976 0.0547931
1394 34.7209 0.0551273
1395 44.1498 0.0523889
1396 35.6952 0.0537279
1397 41.4094 0.0541752
1398 42.5507 0.0540299
1399 45.8103 0.0549254
1400 54.5714 0.0548564
1401 32.5653 0.0519607
1402 42.5631 0.0541617
1403 39.774 0.0533422
1404 38.9917 0.0526686
1405 38.9663 0.0537536
1406 38.1236 0.0530508
1407 35.8018 0.0542651
1408 36.5281 0.0516185
1409 33.8305 0.0556767
1410 36.7824 0.0531625
1411 37.8503 0.0544926
1412 38.7724 0.0543799
1413 40.497 0.0533453
1414 36.3142 0.0528618
1415 38.8957 0.0536816
1416 36.6745 0.0541304
1417 38.9657 0.0543141
1418 37.4228 0.0524963
1419 39.5937 0.0524849
1420 34.4205 0.0533195
1421 39.6139 0.0542475
1422 35.6709 0.0521316
1423 38.2837 0.0541737
1424 36.1234 0.0532979
1425 45.045 0.0519394
1426 39.6832 0.0504585
1427 37.1937 0.0538341
1428 35.4945 0.0537188
1429 37.6953 0.0533605
1430 35.9603 0.053978
1431 34.4456 0.050958
1432 38.3035 0.0529458
1433 43.5915 0.0528929
1434 43.2804 0.052034
1435 30.9511 0.0520033
1436 31.2503 0.0548484
1437 41.3573 0.0504352
1438 42.5579 0.0530379
1439 37.6523 0.0555717
1440 38.0091 0.0515961
1441 41.1369 0.0537028
1442 40.5323 0.0536958
1443 37.6223 0.0525596
1444 36.565 0.0535184
1445 39.5623 0.0526522
1446 39.5983 0.0509335
1447 39.781 0.0520449
1448 36.9287 0.0530723
1449 47.7471 0.0539861
1450 38.9886 0.0547929
1451 36.5698 0.0538842
1452 43.0284 0.0521057
1453 44.1238 0.0534147
1454 36.5978 0.053904
1455 37.696 0.051504
1456 41.2054 0.0540121
1457 35.0155 0.053188
1458 38.2923 0.0525281
1459 39.6276 0.0550874
1460 33.5165 0.0531792
1461 39.1185 0.0516996
1462 40.5934 0.0547228
1463 38.0831 0.0543542
1464 37.1526 0.0531554
1465 43.282 0.0527281
1466 40.0103 0.0533523
1467 40.2574 0.0532095
1468 38.9793 0.0538667
1469 41.0448 0.0540738
1470 34.6521 0.0526871
1471 33.8657 0.054497
1472 35.7613 0.0545346
1473 37.6618 0.0532466
1474 40.8031 0.0538883
1475 35.4345 0.0545986
1476 39.693 0.0511978
1477 33.7206 0.0528336
1478 40.6924 0.0533037
1479 36.665 0.0529562
1480 34.109 0.0541866
1481 49.8474 0.0542946
1482 36.6196 0.0526551
1483 38.4093 0.0550542
1484 37.9512 0.0532598
1485 37.026 0.0525728
1486 34.5052 0.0530926
1487 38.9938 0.0529828
1488 33.2982 0.0532073
1489 38.9401 0.0526372
1490 37.0608 0.0519156
1491 40.9542 0.0526422
1492 37.6488 0.0536683
1493 43.8126 0.0561115
1494 36.4352 0.0515909
1495 34.88 0.0534243
1496 35.972 0.0527428
1497 37.5357 0.0527793
1498 35.1461 0.0544267
1499 34.2748 0.0533796
1500 35.8242 0.0524866
1501 33.385 0.0526318
1502 35.1566 0.0521194
1503 35.1339 0.0524116
1504 36.3334 0.0543179
1505 36.1644 0.0529759
1506 33.4105 0.0548052
1507 36.9119 0.0533209
1508 39.1775 0.0529227
1509 34.5916 0.0527889
1510 36.7083 0.0533596
1511 41.9122 0.0534559
1512 36.4905 0.052615
1513 35.669 0.0551014
1514 38.8184 0.0522377
1515 37.4728 0.0541726
1516 43.9077 0.054259
1517 37.0951 0.05291
1518 34.6156 0.0511071
1519 37.307 0.0527854
1520 34.2096 0.0514033
1521 35.2449 0.0508893
1522 33.4261 0.0530399
1523 37.1343 0.0531068
1524 33.6031 0.0529041
1525 40.7274 0.0537006
1526 36.1307 0.0529081
1527 36.4449 0.0526339
1528 34.7965 0.0541176
1529 41.6053 0.0553103
1530 38.1339 0.0532397
1531 41.1758 0.0520306
1532 42.1279 0.0537436
1533 35.7254 0.0532077
1534 41.1863 0.053121
1535 38.7621 0.0541977
1536 44.658 0.0531347
1537 41.128 0.0544865
1538 32.7472 0.0543761
1539 35.7395 0.0536114
1540 34.4883 0.0543246
1541 34.908 0.0531302
1542 35.159 0.0533583
1543 33.0364 0.0539574
1544 36.9856 0.0531863
1545 36.2071 0.0532378
1546 35.569 0.0544223
1547 38.5287 0.0548406
1548 29.2781 0.0529298
1549 37.4037 0.0539525
1550 39.3264 0.0520359
1551 35.2777 0.0521012
1552 40.8799 0.0543715
1553 37.6289 0.0533837
1554 42.5193 0.0528902
1555 38.4249 0.0535214
1556 35.8238 0.0544116
1557 44.205 0.0544959
1558 40.1738 0.0518506
1559 33.5014 0.0544809
1560 41.9929 0.0551851
1561 34.9382 0.0529833
1562 37.375 0.0516927
1563 52.8349 0.0523962
1564 37.3768 0.052087
1565 38.6468 0.0526864
1566 40.7882 0.0547365
1567 34.0724 0.0541174
1568 37.3276 0.0534099
1569 35.7701 0.0523438
1570 34.0485 0.0558025
1571 39.0081 0.0529838
1572 36.6184 0.0521349
1573 36.2265 0.055497
1574 37.7943 0.0539728
1575 34.0346 0.0541504
1576 37.7298 0.0538641
1577 35.4443 0.0542988
1578 36.8969 0.0523336
1579 32.1555 0.0550832
1580 36.14 0.0542373
1581 31.1258 0.0537083
1582 38.1886 0.0523991
1583 32.6679 0.0538593
1584 32.9042 0.0525848
1585 35.2081 0.053223
1586 37.5121 0.05332
1587 38.6673 0.0535065
1588 41.2265 0.0533601
1589 36.1437 0.0534257
1590 30.6015 0.0524322
1591 40.5412 0.0556455
1592 33.5879 0.05433
1593 35.7489 0.0534471
1594 37.0382 0.0546557
1595 38.8133 0.0544024
1596 34.2876 0.0542233
1597 38.28 0.0554049
1598 35.0235 0.0548078
1599 36.2744 0.0529804
1600 34.2062 0.0535815
1601 39.0026 0.0540987
1602 36.1842 0.0522694
1603 44.9847 0.0543835
1604 37.2857 0.0547278
1605 39.1334 0.0541333
1606 33.9941 0.0526324
1607 36.4278 0.054016
1608 38.5393 0.0531835
1609 34.0401 0.0548704
1610 32.848 0.0551714
1611 47.0855 0.0523404
1612 32.5622 0.0530476
1613 37.637 0.0541773
1614 35.9404 0.0522747
1615 35.3725 0.0540773
1616 36.1538 0.052855
1617 39.2821 0.051715
1618 37.0671 0.0544016
1619 36.6387 0.0531996
1620 35.9671 0.0518304
1621 35.3509 0.0544032
1622 46.8801 0.0533368
1623 36.1372 0.0524655
1624 37.6341 0.053401
1625 35.3769 0.0543732
1626 33.9773 0.0526411
1627 37.9342 0.0547324
1628 38.315 0.053457
1629 30.5492 0.0496792
1630 41.8746 0.0552228
1631 37.397 0.0540545
1632 36.4045 0.0529332
1633 37.8583 0.0551565
1634 30.034 0.0541926
1635 36.3525 0.0530938
1636 38.0397 0.0542875
1637 37.7895 0.0523092
1638 36.0289 0.0540921
1639 40.284 0.054836
1640 36.901 0.0527969
1641 41.7086 0.0537597
1642 35.969 0.054194
1643 38.6709 0.0536254
1644 38.0443 0.0526808
1645 36.1813 0.0541507
1646 38.5768 0.0553239
1647 45.217 0.0521484
1648 37.457 0.0551531
1649 34.8303 0.0549527
1650 39.8109 0.0535931
1651 42.5028 0.0541856
1652 36.5691 0.0519045
1653 33.9724 0.0532798
1654 33.7038 0.052477
1655 34.1559 0.054376
1656 34.6742 0.0532179
1657 52.6973 0.0539373
1658 34.6311 0.0526668
1659 31.7011 0.0505011
1660 36.2114 0.0555692
1661 35.2455 0.0540188
1662 38.9848 0.0521986
1663 31.5435 0.0542454
1664 37.3858 0.0521517
1665 40.4056 0.0537206
1666 36.0733 0.0553536
1667 37.9122 0.0538809
1668 33.0845 0.0540944
1669 33.5697 0.055977
1670 34.8103 0.054454
1671 38.2296 0.0525704
1672 34.8026 0.0541898
1673 35.0321 0.0535705
1674 32.1376 0.0513236
1675 36.4025 0.0541246
1676 35.6891 0.0544137
1677 32.2517 0.0534916
1678 34.5594 0.051614
1679 35.7046 0.0530353
1680 34.3115 0.0554167
1681 34.843 0.0532517
1682 33.9315 0.0526347
1683 38.7505 0.0505752
1684 32.4693 0.0532741
1685 31.625 0.0542982
1686 36.2268 0.0520329
1687 34.9166 0.0538546
1688 28.3711 0.0543664
1689 34.792 0.0531268
1690 32.9451 0.0539565
1691 37.4981 0.0531913
1692 40.7055 0.050876
1693 36.868 0.0527764
1694 40.1935 0.0534113
1695 38.0483 0.0521739
1696 38.0404 0.0536194
1697 35.9767 0.0526629
1698 36.7881 0.0500744
1699 35.4175 0.0528907
1700 32.6998 0.0528366
1701 37.2649 0.0527884
1702 37.4708 0.0544336
1703 66.9697 0.0529875
1704 34.1589 0.054315
1705 34.3402 0.0550979
1706 39.3176 0.0522081
1707 37.8862 0.0529895
1708 38.2505 0.0532361
1709 34.5615 0.0535829
1710 36.4096 0.0515684
1711 40.5226 0.0561408
1712 37.7914 0.0526393
1713 40.1505 0.0539243
1714 40.6829 0.0539408
1715 35.3151 0.0536334
1716 37.7424 0.0531383
1717 40.9154 0.0534049
1718 37.7156 0.050987
1719 37.7197 0.0513102
1720 38.7738 0.0526511
1721 35.2208 0.0525193
1722 48.148 0.052183
1723 42.0112 0.0537406
1724 35.9478 0.0544714
1725 29.9364 0.0520943
1726 35.8193 0.0530174
1727 37.0435 0.0527969
1728 35.0109 0.0522309
1729 46.1206 0.0543939
1730 35.0075 0.0534623
1731 37.7349 0.052434
1732 31.4281 0.054428
1733 38.7399 0.0546638
1734 35.2383 0.0534672
1735 40.3668 0.0537218
1736 34.0791 0.0535724
1737 37.9778 0.0525011
1738 35.6117 0.0548055
1739 33.5209 0.0537032
1740 36.1811 0.0534867
1741 31.3672 0.0534416
1742 37.2634 0.0526035
1743 22.7655 0.055154
1744 38.428 0.0551674
1745 36.6204 0.0526744
1746 38.0315 0.0522058
1747 34.6761 0.0531886
1748 34.2243 0.0546387
1749 41.3175 0.0536221
1750 34.203 0.0539995
1751 33.7108 0.054188
1752 42.2857 0.0525141
1753 35.368 0.054194
1754 37.1284 0.0534285
1755 40.1642 0.0525761
1756 33.2997 0.0541791
1757 38.5543 0.0528452
1758 42.5997 0.0510105
1759 34.8569 0.0537902
1760 36.1239 0.0522499
1761 34.0012 0.0518486
1762 36.573 0.0533365
1763 37.2013 0.0540607
1764 31.865 0.0544131
1765 37.232 0.0536115
1766 37.3172 0.0543475
1767 36.808 0.0535785
1768 39.2809 0.0521709
1769 38.7745 0.0554916
1770 35.6736 0.0533864
1771 31.0889 0.0552226
1772 42.1125 0.0545297
1773 47.0163 0.052483
1774 37.6652 0.0545767
1775 34.2702 0.0540669
1776 36.4914 0.0536348
1777 46.0221 0.0541428
1778 45.0051 0.0550155
1779 40.8889 0.0531895
1780 36.3848 0.0532728
1781 32.636 0.0543952
1782 38.7215 0.0539103
1783 35.0169 0.0534774
1784 36.7695 0.0527954
1785 49.2387 0.0523507
1786 38.1061 0.0540845
1787 41.564 0.05285
1788 39.0238 0.053544
1789 42.5161 0.0537082
1790 37.0938 0.0544491
1791 36.1134 0.0523865
1792 33.7359 0.0535199
1793 30.8441 0.0539062
1794 34.4216 0.0544914
1795 35.8608 0.0564161
1796 36.8754 0.0538948
1797 31.9015 0.0528323
1798 39.1351 0.0535646
1799 40.8531 0.0539713
1800 0 0
1801 0 0
1802 0 0
1803 0 0
1804 0 0
1805 0 0
1806 0 0
1807 0 0
1808 0 0
1809 0 0
1810 0 0
1811 0 0
1812 0 0
1813 0 0
1814 0 0
1815 0 0
1816 0 0
1817 0 0
1818 0 0
1819 0 0
1820 0 0
1821 0 0
1822 0 0
1823 0 0
1824 0 0
1825 0 0
1826 0 0
1827 0 0
1828 0 0
1829 0 0
1830 0 0
1831 0 0
1832 0 0
1833 0 0
1834 0 0
1835 0 0
1836 0 0
1837 0 0
1838 0 0
1839 0 0
1840 0 0
1841 0 0
1842 0 0
1843 0 0
1844 0 0
1845 0 0
1846 0 0
1847 0 0
1848 0 0
1849 0 0
1850 0 0
1851 0 0
1852 0 0
1853 0 0
1854 0 0
1855 0 0
1856 0 0
1857 0 0
1858 0 0
1859 0 0
1860 0 0
1861 0 0
1862 0 0
1863 0 0
1864 0 0
1865 0 0
1866 0 0
1867 0 0
1868 0 0
1869 0 0
1870 0 0
1871 0 0
1872 0 0
1873 0 0
1874 0 0
1875 0 0
1876 0 0
1877 0 0
1878 0 0
1879 0 0
1880 0 0
1881 0 0
1882 0 0
1883 0 0
1884 0 0
1885 0 0
1886 0 0
1887 0 0
1888 0 0
1889 0 0
1890 0 0
1891 0 0
1892 0 0
1893 0 0
1894 0 0
1895 0 0
1896 0 0
1897 0 0
1898 0 0
1899 0 0
1900 0 0
1901 0 0
1902 0 0
1903 0 0
1904 0 0
1905 0 0
1906 0 0
1907 0 0
1908 0 0
1909 0 0
1910 0 0
1911 0 0
1912 0 0
1913 0 0
1914 0 0
1915 0 0
1916 0 0
1917 0 0
1918 0 0
1919 0 0
1920 0 0
1921 0 0
1922 0 0
1923 0 0
1924 0 0
1925 0 0
1926 0 0
1927 0 0
1928 0 0
1929 0 0
1930 0 0
1931 0 0
1932 0 0
1933 0 0
1934 0 0
1935 0 0
1936 0 0
1937 0 0
1938 0 0
1939 0 0
1940 0 0
1941 0 0
1942 0 0
1943 0 0
1944 0 0
1945 0 0
1946 0 0
1947 0 0
1948 0 0
1949 0 0
1950 0 0
1951 0 0
1952 0 0
1953 0 0
1954 0 0
1955 0 0
1956 0 0
1957 0 0
1958 0 0
1959 0 0
1960 0 0
1961 0 0
1962 0 0
1963 0 0
1964 0 0
1965 0 0
1966 0 0
1967 0 0
1968 0 0
1969 0 0
1970 0 0
1971 0 0
1972 0 0
1973 0 0
1974 0 0
1975 0 0
1976 0 0
1977 0 0
1978 0 0
1979 0 0
1980 0 0
1981 0 0
1982 0 0
1983 0 0
1984 0 0
1985 0 0
1986 0 0
1987 0 0
1988 0 0
1989 0 0
1990 0 0
1991 0 0
1992 0 0
1993 0 0
1994 0 0
1995 0 0
1996 0 0
1997 0 0
1998 0 0
1999 0 0
2000 0 0
2001 0 0
2002 0 0
2003 0 0
2004 0 0
2005 0 0
2006 0 0
2007 0 0
2008 0 0
2009 0 0
2010 0 0
2011 0 0
2012 0 0
2013 0 0
2014 0 0
2015 0 0
2016 0 0
2017 0 0
2018 0 0
2019 0 0
2020 0 0
2021 0 0
2022 0 0
2023 0 0
2024 0 0
2025 0 0
2026 0 0
2027 0 0
2028 0 0
2029 0 0
2030 0 0
2031 0 0
2032 0 0
2033 0 0
2034 0 0
2035 0 0
2036 0 0
2037 0 0
2038 0 0
2039 0 0
2040 0 0
2041 0 0
2042 0 0
2043 0 0
2044 0 0
2045 0 0
2046 0 0
2047 0 0
2048 0 0
2049 0 0
2050 0 0
2051 0 0
2052 0 0
2053 0 0
2054 0 0
2055 0 0
2056 0 0
2057 0 0
2058 0 0
2059 0 0
2060 0 0
2061 0 0
2062 0 0
2063 0 0
2064 0 0
2065 0 0
2066 0 0
2067 0 0
2068 0 0
2069 0 0
2070 0 0
2071 0 0
2072 0 0
2073 0 0
2074 0 0
2075 0 0
2076 0 0
2077 0 0
2078 0 0
2079 0 0
2080 0 0
2081 0 0
2082 0 0
2083 0 0
2084 0 0
2085 0 0
2086 0 0
2087 0 0
2088 0 0
2089 0 0
2090 0 0
2091 0 0
2092 0 0
2093 0 0
2094 0 0
2095 0 0
2096 0 0
2097 0 0
2098 0 0
2099 0 0
2100 0 0
2101 0 0
2102 0 0
2103 0 0
2104 0 0
2105 0 0
2106 0 0
2107 0 0
2108 0 0
2109 0 0
2110 0 0
2111 0 0
2112 0 0
2113 0 0
2114 0 0
2115 0 0
2116 0 0
2117 0 0
2118 0 0
2119 0 0
2120 0 0
2121 0 0
2122 0 0
2123 0 0
2124 0 0
2125 0 0
2126 0 0
2127 0 0
2128 0 0
2129 0 0
2130 0 0
2131 0 0
2132 0 0
2133 0 0
2134 0 0
2135 0 0
2136 0 0
2137 0 0
2138 0 0
2139 0 0
2140 0 0
2141 0 0
2142 0 0
2143 0 0
2144 0 0
2145 0 0
2146 0 0
2147 0 0
2148 0 0
2149 0 0
2150 0 0
2151 0 0
2152 0 0
2153 0 0
2154 0 0
2155 0 0
2156 0 0
2157 0 0
2158 0 0
2159 0 0
2160 0 0
2161 0 0
2162 0 0
2163 0 0
2164 0 0
2165 0 0
2166 0 0
2167 0 0
2168 0 0
2169 0 0
2170 0 0
2171 0 0
2172 0 0
2173 0 0
2174 0 0
2175 0 0
2176 0 0
2177 0 0
2178 0 0
2179 0 0
2180 0 0
2181 0 0
2182 0 0
2183 0 0
2184 0 0
2185 0 0
2186 0 0
2187 0 0
2188 0 0
2189 0 0
2190 0 0
2191 0 0
2192 0 0
2193 0 0
2194 0 0
2195 0 0
2196 0 0
2197 0 0
2198 0 0
2199 0 0
2200 0 0
2201 0 0
2202 0 0
2203 0 0
2204 0 0
2205 0 0
2206 0 0
2207 0 0
2208 0 0
2209 0 0
2210 0 0
2211 0 0
2212 0 0
2213 0 0
2214 0 0
2215 0 0
2216 0 0
2217 0 0
2218 0 0
2219 0 0
2220 0 0
2221 0 0
2222 0 0
2223 0 0
2224 0 0
2225 0 0
2226 0 0
2227 0 0
2228 0 0
2229 0 0
2230 0 0
2231 0 0
2232 0 0
2233 0 0
2234 0 0
2235 0 0
2236 0 0
2237 0 0
2238 0 0
2239 0 0
2240 0 0
2241 0 0
2242 0 0
2243 0 0
2244 0 0
2245 0 0
2246 0 0
2247 0 0
2248 0 0
2249 0 0
2250 0 0
2251 0 0
2252 0 0
2253 0 0
2254 0 0
2255 0 0
2256 0 0
2257 0 0
2258 0 0
2259 0 0
2260 0 0
2261 0 0
2262 0 0
2263 0 0
2264 0 0
2265 0 0
2266 0 0
2267 0 0
2268 0 0
2269 0 0
2270 0 0
2271 0 0
2272 0 0
2273 0 0
2274 0 0
2275 0 0
2276 0 0
2277 0 0
2278 0 0
2279 0 0
2280 0 0
2281 0 0
2282 0 0
2283 0 0
2284 0 0
2285 0 0
2286 0 0
2287 0 0
2288 0 0
2289 0 0
2290 0 0
2291 0 0
2292 0 0
2293 0 0
2294 0 0
2295 0 0
2296 0 0
2297 0 0
2298 0 0
2299 0 0
2300 0 0
2301 0 0
2302 0 0
2303 0 0
2304 0 0
2305 0 0
2306 0 0
2307 0 0
2308 0 0
2309 0 0
2310 0 0
2311 0 0
2312 0 0
2313 0 0
2314 0 0
2315 0 0
2316 0 0
2317 0 0
2318 0 0
2319 0 0
2320 0 0
2321 0 0
2322 0 0
2323 0 0
2324 0 0
2325 0 0
2326 0 0
2327 0 0
2328 0 0
2329 0 0
2330 0 0
2331 0 0
2332 0 0
2333 0 0
2334 0 0
2335 0 0
2336 0 0
2337 0 0
2338 0 0
2339 0 0
2340 0 0
2341 0 0
2342 0 0
2343 0 0
2344 0 0
2345 0 0
2346 0 0
2347 0 0
2348 0 0
2349 0 0
2350 0 0
2351 0 0
2352 0 0
2353 0 0
2354 0 0
2355 0 0
2356 0 0
2357 0 0
2358 0 0
2359 0 0
2360 0 0
2361 0 0
2362 0 0
2363 0 0
2364 0 0
2365 0 0
2366 0 0
2367 0 0
2368 0 0
2369 0 0
2370 0 0
2371 0 0
2372 0 0
2373 0 0
2374 0 0
2375 0 0
2376 0 0
2377 0 0
2378 0 0
2379 0 0
2380 0 0
2381 0 0
2382 0 0
2383 0 0
2384 0 0
2385 0 0
2386 0 0
2387 0 0
2388 0 0
2389 0 0
2390 0 0
2391 0 0
2392 0 0
2393 0 0
2394 0 0
2395 0 0
2396 0 0
2397 0 0
2398 0 0
2399 0 0
2400 0 0
2401 0 0
2402 0 0
2403 0 0
2404 0 0
2405 0 0
2406 0 0
2407 0 0
2408 0 0
2409 0 0
2410 0 0
2411 0 0
2412 0 0
2413 0 0
2414 0 0
2415 0 0
2416 0 0
2417 0 0
2418 0 0
2419 0 0
2420 0 0
2421 0 0
2422 0 0
2423 0 0
2424 0 0
2425 0 0
2426 0 0
2427 0 0
2428 0 0
2429 0 0
2430 0 0
2431 0 0
2432 0 0
2433 0 0
2434 0 0
2435 0 0
2436 0 0
2437 0 0
2438 0 0
2439 0 0
2440 0 0
2441 0 0
2442 0 0
2443 0 0
2444 0 0
2445 0 0
2446 0 0
2447 0 0
2448 0 0
2449 0 0
2450 0 0
2451 0 0
2452 0 0
2453 0 0
2454 0 0
2455 0 0
2456 0 0
2457 0 0
2458 0 0
2459 0 0
2460 0 0
2461 0 0
2462 0 0
2463 0 0
2464 0 0
2465 0 0
2466 0 0
2467 0 0
2468 0 0
2469 0 0
2470 0 0
2471 0 0
2472 0 0
2473 0 0
2474 0 0
2475 0 0
2476 0 0
2477 0 0
2478 0 0
2479 0 0
2480 0 0
2481 0 0
2482 0 0
2483 0 0
2484 0 0
2485 0 0
2486 0 0
2487 0 0
2488 0 0
2489 0 0
2490 0 0
2491 0 0
2492 0 0
2493 0 0
2494 0 0
2495 0 0
2496 0 0
2497 0 0
2498 0 0
2499 0 0
2500 0 0
2501 0 0
2502 0 0
2503 0 0
2504 0 0
2505 0 0
2506 0 0
2507 0 0
2508 0 0
2509 0 0
2510 0 0
2511 0 0
2512 0 0
2513 0 0
2514 0 0
2515 0 0
2516 0 0
2517 0 0
2518 0 0
2519 0 0
2520 0 0
2521 0 0
2522 0 0
2523 0 0
2524 0 0
2525 0 0
2526 0 0
2527 0 0
2528 0 0
2529 0 0
2530 0 0
2531 0 0
2532 0 0
2533 0 0
2534 0 0
2535 0 0
2536 0 0
2537 0 0
2538 0 0
2539 0 0
2540 0 0
2541 0 0
2542 0 0
2543 0 0
2544 0 0
2545 0 0
2546 0 0
2547 0 0
2548 0 0
2549 0 0
2550 0 0
2551 0 0
2552 0 0
2553 0 0
2554 0 0
2555 0 0
2556 0 0
2557 0 0
2558 0 0
2559 0 0
2560 0 0
2561 0 0
2562 0 0
2563 0 0
2564 0 0
2565 0 0
2566 0 0
2567 0 0
2568 0 0
2569 0 0
2570 0 0
2571 0 0
2572 0 0
2573 0 0
2574 0 0
2575 0 0
2576 0 0
2577 0 0
2578 0 0
2579 0 0
2580 0 0
2581 0 0
2582 0 0
2583 0 0
2584 0 0
2585 0 0
2586 0 0
2587 0 0
2588 0 0
2589 0 0
2590 0 0
2591 0 0
2592 0 0
2593 0 0
2594 0 0
2595 0 0
2596 0 0
2597 0 0
2598 0 0
2599 0 0
2600 0 0
2601 0 0
2602 0 0
2603 0 0
2604 0 0
2605 0 0
2606 0 0
2607 0 0
2608 0 0
2609 0 0
2610 0 0
2611 0 0
2612 0 0
2613 0 0
2614 0 0
2615 0 0
2616 0 0
2617 0 0
2618 0 0
2619 0 0
2620 0 0
2621 0 0
2622 0 0
2623 0 0
2624 0 0
2625 0 0
2626 0 0
2627 0 0
2628 0 0
2629 0 0
2630 0 0
2631 0 0
2632 0 0
2633 0 0
2634 0 0
2635 0 0
2636 0 0
2637 0 0
2638 0 0
2639 0 0
2640 0 0
2641 0 0
2642 0 0
2643 0 0
2644 0 0
2645 0 0
2646 0 0
2647 0 0
2648 0 0
2649 0 0
2650 0 0
2651 0 0
2652 0 0
2653 0 0
2654 0 0
2655 0 0
2656 0 0
2657 0 0
2658 0 0
2659 0 0
2660 0 0
2661 0 0
2662 0 0
2663 0 0
2664 0 0
2665 0 0
2666 0 0
2667 0 0
2668 0 0
2669 0 0
2670 0 0
2671 0 0
2672 0 0
2673 0 0
2674 0 0
2675 0 0
2676 0 0
2677 0 0
2678 0 0
2679 0 0
2680 0 0
2681 0 0
2682 0 0
2683 0 0
2684 0 0
2685 0 0
2686 0 0
2687 0 0
2688 0 0
2689 0 0
2690 0 0
2691 0 0
2692 0 0
2693 0 0
2694 0 0
2695 0 0
2696 0 0
2697 0 0
2698 0 0
2699 0 0
2700 0 0
2701 0 0
2702 0 0
2703 0 0
2704 0 0
2705 0 0
2706 0 0
2707 0 0
2708 0 0
2709 0 0
2710 0 0
2711 0 0
2712 0 0
2713 0 0
2714 0 0
2715 0 0
2716 0 0
2717 0 0
2718 0 0
2719 0 0
2720 0 0
2721 0 0
2722 0 0
2723 0 0
2724 0 0
2725 0 0
2726 0 0
2727 0 0
2728 0 0
2729 0 0
2730 0 0
2731 0 0
2732 0 0
2733 0 0
2734 0 0
2735 0 0
2736 0 0
2737 0 0
2738 0 0
2739 0 0
2740 0 0
2741 0 0
2742 0 0
2743 0 0
2744 0 0
2745 0 0
2746 0 0
2747 0 0
2748 0 0
2749 0 0
2750 0 0
2751 0 0
2752 0 0
2753 0 0
2754 0 0
2755 0 0
2756 0 0
2757 0 0
2758 0 0
2759 0 0
2760 0 0
2761 0 0
2762 0 0
2763 0 0
2764 0 0
2765 0 0
2766 0 0
2767 0 0
2768 0 0
2769 0 0
2770 0 0
2771 0 0
2772 0 0
2773 0 0
2774 0 0
2775 0 0
2776 0 0
2777 0 0
2778 0 0
2779 0 0
2780 0 0
2781 0 0
2782 0 0
2783 0 0
2784 0 0
2785 0 0
2786 0 0
2787 0 0
2788 0 0
2789 0 0
2790 0 0
2791 0 0
2792 0 0
2793 0 0
2794 0 0
2795 0 0
2796 0 0
2797 0 0
2798 0 0
2799 0 0
2800 0 0
2801 0 0
2802 0 0
2803 0 0
2804 0 0
2805 0 0
2806 0 0
2807 0 0
2808 0 0
2809 0 0
2810 0 0
2811 0 0
2812 0 0
2813 0 0
2814 0 0
2815 0 0
2816 0 0
2817 0 0
2818 0 0
2819 0 0
2820 0 0
2821 0 0
2822 0 0
2823 0 0
2824 0 0
2825 0 0
2826 0 0
2827 0 0
2828 0 0
2829 0 0
2830 0 0
2831 0 0
2832 0 0
2833 0 0
2834 0 0
2835 0 0
2836 0 0
2837 0 0
2838 0 0
2839 0 0
2840 0 0
2841 0 0
2842 0 0
2843 0 0
2844 0 0
2845 0 0
2846 0 0
2847 0 0
2848 0 0
2849 0 0
2850 0 0
2851 0 0
2852 0 0
2853 0 0
2854 0 0
2855 0 0
2856 0 0
2857 0 0
2858 0 0
2859 0 0
2860 0 0
2861 0 0
2862 0 0
2863 0 0
2864 0 0
2865 0 0
2866 0 0
2867 0 0
2868 0 0
2869 0 0
2870 0 0
2871 0 0
2872 0 0
2873 0 0
2874 0 0
2875 0 0
2876 0 0
2877 0 0
2878 0 0
2879 0 0
2880 0 0
2881 0 0
2882 0 0
2883 0 0
2884 0 0
2885 0 0
2886 0 0
2887 0 0
2888 0 0
2889 0 0
2890 0 0
2891 0 0
2892 0 0
2893 0 0
2894 0 0
2895 0 0
2896 0 0
2897 0 0
2898 0 0
2899 0 0
2900 0 0
2901 0 0
2902 0 0
2903 0 0
2904 0 0
2905 0 0
2906 0 0
2907 0 0
2908 0 0
2909 0 0
2910 0 0
2911 0 0
2912 0 0
2913 0 0
2914 0 0
2915 0 0
2916 0 0
2917 0 0
2918 0 0
2919 0 0
2920 0 0
2921 0 0
2922 0 0
2923 0 0
2924 0 0
2925 0 0
2926 0 0
2927 0 0
2928 0 0
2929 0 0
2930 0 0
2931 0 0
2932 0 0
2933 0 0
2934 0 0
2935 0 0
2936 0 0
2937 0 0
2938 0 0
2939 0 0
2940 0 0
2941 0 0
2942 0 0
2943 0 0
2944 0 0
2945 0 0
2946 0 0
2947 0 0
2948 0 0
2949 0 0
2950 0 0
2951 0 0
2952 0 0
2953 0 0
2954 0 0
2955 0 0
2956 0 0
2957 0 0
2958 0 0
2959 0 0
2960 0 0
2961 0 0
2962 0 0
2963 0 0
2964 0 0
2965 0 0
2966 0 0
2967 0 0
2968 0 0
2969 0 0
2970 0 0
2971 0 0
2972 0 0
2973 0 0
2974 0 0
2975 0 0
2976 0 0
2977 0 0
2978 0 0
2979 0 0
2980 0 0
2981 0 0
2982 0 0
2983 0 0
2984 0 0
2985 0 0
2986 0 0
2987 0 0
2988 0 0
2989 0 0
2990 0 0
2991 0 0
2992 0 0
2993 0 0
2994 0 0
2995 0 0
2996 0 0
2997 0 0
2998 0 0
2999 0 0
3000 0 0
3001 0 0
3002 0 0
3003 0 0
3004 0 0
3005 0 0
3006 0 0
3007 0 0
3008 0 0
3009 0 0
3010 0 0
3011 0 0
3012 0 0
3013 0 0
3014 0 0
3015 0 0
3016 0 0
3017 0 0
3018 0 0
3019 0 0
3020 0 0
3021 0 0
3022 0 0
3023 0 0
3024 0 0
3025 0 0
3026 0 0
3027 0 0
3028 0 0
3029 0 0
3030 0 0
3031 0 0
3032 0 0
3033 0 0
3034 0 0
3035 0 0
3036 0 0
3037 0 0
3038 0 0
3039 0 0
3040 0 0
3041 0 0
3042 0 0
3043 0 0
3044 0 0
3045 0 0
3046 0 0
3047 0 0
3048 0 0
3049 0 0
3050 0 0
3051 0 0
3052 0 0
3053 0 0
3054 0 0
3055 0 0
3056 0 0
3057 0 0
3058 0 0
3059 0 0
3060 0 0
3061 0 0
3062 0 0
3063 0 0
3064 0 0
3065 0 0
3066 0 0
3067 0 0
3068 0 0
3069 0 0
3070 0 0
3071 0 0
3072 0 0
3073 0 0
3074 0 0
3075 0 0
3076 0 0
3077 0 0
3078 0 0
3079 0 0
3080 0 0
3081 0 0
3082 0 0
3083 0 0
3084 0 0
3085 0 0
3086 0 0
3087 0 0
3088 0 0
3089 0 0
3090 0 0
3091 0 0
3092 0 0
3093 0 0
3094 0 0
3095 0 0
3096 0 0
3097 0 0
3098 0 0
3099 0 0
3100 0 0
3101 0 0
3102 0 0
3103 0 0
3104 0 0
3105 0 0
3106 0 0
3107 0 0
3108 0 0
3109 0 0
3110 0 0
3111 0 0
3112 0 0
3113 0 0
3114 0 0
3115 0 0
3116 0 0
3117 0 0
3118 0 0
3119 0 0
