0 -0.581064
1 12.3535
2 -0.722032
3 -2.08076
4 1.60825
5 2.59415
6 2.18554
7 0.0559348
8 -0.143238
9 -1.24838
10 0.742726
11 1.28457
12 -0.186199
13 2.34622
14 -2.20709
15 -1.69886
16 -0.981344
17 -2.1315
18 2.36968
19 -0.340005
20 -2.7703
21 2.73945
22 -0.0826223
23 -0.313622
24 -2.28233
25 -2.1927
26 -4.6593
27 -0.836632
28 0.215467
29 -0.51629
30 -0.319711
31 1.7311
32 2.21091
33 2.72862
34 -2.01438
35 -0.0645644
36 -3.09805
37 -1.50999
38 -2.65586
39 -1.39305
40 1.36446
41 0.509989
42 -1.10973
43 2.45006
44 -2.76744
45 0.764801
46 -0.645062
47 -2.83872
48 -2.11343
49 0.921119
50 -3.34352
51 -0.438161
52 -3.28979
53 1.02347
54 1.33606
55 3.39533
56 2.52104
57 -1.55274
58 -2.15373
59 -1.2042
60 -2.12047
61 1.1143
62 -3.03031
63 1.57919
64 -3.57181
65 -0.222612
66 0.572725
67 -1.76446
68 -0.458834
69 -2.84249
70 -1.65066
71 -6.17163
72 -0.750545
73 1.61766
74 -1.22692
75 4.50976
76 2.17416
77 -0.470044
78 -1.40514
79 0.489081
80 0.435162
81 2.22524
82 0.363616
83 3.94055
84 3.88909
85 0.917352
86 -0.868068
87 0.329331
88 -3.25209
89 -0.829829
90 -0.360589
91 0.718412
92 0.922806
93 -1.10034
94 2.42864
95 3.82147
96 3.32615
97 1.30671
98 5.57872
99 -2.38857
100 3.124
101 -1.64054
102 -1.67766
103 0.43279
104 1.98028
105 7.10828
106 3.55682
107 5.15479
108 1.79624
109 0.808854
110 2.27154
111 3.05017
112 3.99142
113 2.75214
114 4.68915
115 -2.97838
116 -0.120924
117 -2.19442
118 2.35438
119 1.3474
120 -0.844091
121 2.07314
122 -0.281018
123 -1.51567
124 -0.77574
125 1.89987
126 5.19466
127 3.5266
128 2.16796
129 -2.15198
130 1.81204
131 -0.412334
132 -0.865497
133 -2.02938
134 -2.86724
135 0.346814
136 -1.77267
137 2.05034
138 -1.53365
139 -0.70207
140 4.91423
141 -1.41117
142 1.8456
143 -2.74364
144 0.435226
145 0.273845
146 6.24286
147 0.763717
148 3.20689
149 3.39417
150 -3.19676
151 7.94015
152 7.5537
153 2.40932
154 0.836455
155 1.42422
156 2.88666
157 0.638812
158 -0.303974
159 0.995397
160 -1.3003
161 -2.22311
162 3.83136
163 -2.33194
164 -0.73173
165 0.992686
166 -2.55746
167 2.37214
168 3.2081
169 2.07372
170 2.12419
171 -8.67863
172 -1.07476
173 -2.21064
174 3.22375
175 -6.21783
176 6.51123
177 -1.2092
178 0.883961
179 0.256531
180 -1.96298
181 0.097484
182 -0.122392
183 -1.67178
184 -0.154315
185 -0.214036
186 -0.329301
187 2.09989
188 -1.57168
189 1.59894
190 -1.12495
191 -0.640164
192 0.509132
193 -7.77128
194 0.0811098
195 0.615961
196 1.35843
197 -1.13363
198 4.31835
199 0.533211
200 0.895093
201 0.942974
202 -1.71544
203 0.586954
204 -1.95032
205 0.198306
206 -2.2143
207 1.33997
208 -2.75874
209 -1.19453
210 7.18119
211 -3.20935
212 -0.582618
213 -1.64847
214 -2.84481
215 0.244771
216 -2.43899
217 -0.152237
218 -1.046
219 1.20839
220 0.303312
221 0.918131
222 -2.07121
223 -1.14749
224 -0.0405656
225 -1.47043
226 1.35567
227 -2.11233
228 -3.28234
229 0.590461
230 -1.10765
231 -2.31165
232 -1.34093
233 -0.244307
234 -1.38672
235 -3.28451
236 1.0774
237 0.238752
238 -3.53562
239 -4.63733
240 0.212067
241 -2.85593
242 1.97473
243 -4.2182
244 -3.90494
245 -4.23026
246 -3.71826
247 -1.79287
248 -5.26608
249 -3.45337
250 0.019627
251 -1.72804
252 0.101148
253 -2.57076
254 -0.0286643
255 -2.65939
256 -0.499491
257 -1.50059
258 -0.890481
259 1.46386
260 2.3141
261 -0.501356
262 1.17469
263 -1.6592
264 -0.939361
265 2.73635
266 -1.72394
267 -0.301859
268 -1.22063
269 -0.315596
270 -0.0251841
271 1.60531
272 0.770037
273 1.43846
274 -0.261661
275 -0.101885
276 -2.27962
277 -2.53293
278 0.577739
279 1.7496
280 -3.98977
281 26.8673
282 0.811054
283 -2.98843
284 0.653815
285 2.06913
286 -3.01319
287 -3.96107
288 -0.897487
289 3.32172
290 2.68112
291 6.98223
292 -1.49376
293 4.46022
294 4.3295
295 5.11821
296 2.38273
297 2.90678
298 -0.759025
299 -0.978496
300 -1.61432
301 2.05275
302 -3.29834
303 -3.11588
304 -2.91064
305 0.160757
306 0.896313
307 11.5108
308 -0.986142
309 0.28762
310 1.70696
311 1.84317
312 2.05982
313 -0.803166
314 1.05309
315 -0.0763283
316 -2.30152
317 2.72048
318 -0.855778
319 0.481019
320 -1.63155
321 -1.64832
322 -2.39839
323 2.71553
324 -0.908804
325 -0.417538
326 1.11457
327 -0.237185
328 0.249252
329 2.28374
330 2.28423
331 3.81265
332 0.0698277
333 -0.417158
334 0.31975
335 -6.7086
336 4.16003
337 3.92146
338 8.36473
339 -0.403328
340 2.59632
341 2.36661
342 0.35027
343 -1.56314
344 -2.91333
345 1.54483
346 2.24259
347 2.52523
348 -1.2518
349 -2.25621
350 1.19518
351 3.65797
352 3.42555
353 -0.595814
354 0.169332
355 0.606503
356 3.00746
357 -0.596456
358 3.10245
359 3.18121
360 -2.62173
361 0.380319
362 -0.774651
363 -4.42775
364 -3.25444
365 6.07506
366 -1.41998
367 1.01801
368 -0.208212
369 -2.14599
370 -0.758676
371 1.5118
372 -1.36799
373 -1.97312
374 0.160424
375 -2.13418
376 -2.78883
377 3.61803
378 -0.569203
379 -2.97417
380 -2.88727
381 -2.59523
382 -2.93824
383 -0.239684
384 -3.89991
385 -2.89455
386 -2.80937
387 -0.0734759
388 -1.60096
389 -4.78986
390 -1.66163
391 -1.84251
392 -3.57587
393 -0.850665
394 10.9233
395 0.0702375
396 -2.49126
397 4.49691
398 2.19746
399 0.257476
400 -0.314083
401 -0.0153181
402 1.9638
403 -0.237449
404 1.80817
405 3.26215
406 -3.28537
407 -0.177688
408 22.8858
409 1.20402
410 -1.25557
411 4.30944
412 4.05152
413 2.73553
414 1.61706
415 -0.348728
416 2.77677
417 -0.978365
418 -1.55541
419 0.315951
420 -1.77606
421 4.46547
422 -1.88808
423 0.747438
424 -4.05517
425 0.19718
426 -1.12343
427 -2.24137
428 -2.05584
429 1.05751
430 -1.66594
431 -1.50076
432 -3.37001
433 -2.14322
434 1.06857
435 1.8646
436 2.9312
437 -1.47991
438 -1.94904
439 -1.32769
440 1.56277
441 -0.460592
442 -0.963396
443 -0.0502714
444 -0.971022
445 2.02082
446 3.13964
447 1.26404
448 13.9491
449 5.93197
450 2.82416
451 -0.685729
452 -1.92817
453 2.86605
454 0.94869
455 -2.18137
456 20.1348
457 1.85052
458 -1.22397
459 -2.0228
460 -1.75483
461 2.53585
462 -0.859112
463 2.35199
464 -2.38668
465 -1.57573
466 0.945174
467 -1.09307
468 0.147099
469 3.91541
470 -0.129587
471 0.509416
472 -1.7358
473 -0.772549
474 2.44858
475 3.14351
476 2.80363
477 -0.825739
478 -2.54649
479 -1.96109
480 -1.17125
481 1.57032
482 -3.36718
483 -2.18236
484 -1.7713
485 1.23999
486 -1.05423
487 -0.963122
488 -0.314223
489 -1.52675
490 1.87099
491 -3.56588
492 -0.60578
493 -5.24028
494 1.4671
495 1.35389
496 -3.49198
497 -3.05725
498 -2.43909
499 -3.03802
500 -1.78527
501 1.64044
502 -0.226764
503 2.29503
504 2.15211
505 3.35633
506 -1.23917
507 0.696396
508 -0.93446
509 3.59308
510 0.493603
511 2.83158
512 4.227
513 4.2921
514 0.88428
515 -0.539472
516 -0.276434
517 0.748636
518 0.0335396
519 -3.55565
520 -0.0371824
521 -1.8659
522 2.84306
523 0.408445
524 3.0427
525 0.792282
526 5.61902
527 1.7816
528 1.16843
529 3.52529
530 3.18376
531 -1.29809
532 0.202756
533 -0.906156
534 -4.75603
535 -0.985699
536 -1.32174
537 -2.10155
538 -0.0130729
539 0.730987
540 -2.03974
541 -1.3091
542 -0.55789
543 2.30915
544 -2.04443
545 0.782552
546 -0.380434
547 -4.1087
548 0.0812097
549 -0.538009
550 -2.81863
551 -0.744197
552 -0.395613
553 -0.426109
554 -1.70885
555 -3.00518
556 -5.09534
557 -2.97361
558 0.925153
559 -1.30033
560 -1.37303
561 -1.08642
562 -0.612038
563 -5.05653
564 -1.74929
565 0
566 0.400256
567 -3.20531
568 -0.971738
569 -1.79617
570 -3.64965
571 -1.95516
572 -0.877304
573 0.36129
574 -2.24868
575 -1.49698
576 -0.985874
577 1.78578
578 -0.674031
579 -2.37133
580 3.95622
581 4.25461
582 2.24336
583 3.0561
584 3.62896
585 -0.54628
586 -1.02526
587 -0.51443
588 1.96831
589 -0.786938
590 0.921794
591 -1.08589
592 -2.62691
593 2.45715
594 1.77065
595 -0.250803
596 4.07511
597 1.70806
598 -0.0229511
599 2.17259
600 -1.24229
601 -2.56968
602 1.24224
603 0.423693
604 -1.33398
605 -0.948084
606 -0.875156
607 -1.70221
608 2.45219
609 -5.42912
610 -0.584147
611 -1.14494
612 -1.36785
613 -1.59455
614 -2.49138
615 -1.99116
616 -4.29393
617 -1.03529
618 -0.689938
619 -1.10836
620 2.42278
621 -1.30204
622 -2.19032
623 -2.43519
624 -1.91522
625 -2.69419
626 -2.76493
627 -4.78901
628 0.760392
629 -0.492147
630 -1.05603
631 -1.69316
632 3.09472
633 1.96773
634 -1.5012
635 -3.742
636 2.20889
637 0.551998
638 -1.89104
639 -2.81712
640 3.14775
641 -0.460855
642 0.913522
643 2.73645
644 -2.351
645 -2.01801
646 0.448647
647 0.227062
648 1.54051
649 1.52322
650 0.51583
651 -2.88079
652 1.35246
653 -1.39711
654 3.56758
655 -0.163271
656 -0.438193
657 5.91683
658 0.735979
659 1.36888
660 1.935
661 4.5277
662 0.826237
663 -2.95515
664 -3.40423
665 4.34665
666 1.91678
667 2.14049
668 -1.97106
669 -1.49349
670 0.806688
671 0.543026
672 -1.04722
673 0.933166
674 2.72077
675 -0.198726
676 -1.31297
677 -2.13095
678 -3.01153
679 -3.95267
680 -1.30408
681 0.767092
682 -3.326
683 -1.28559
684 4.30385
685 -2.00996
686 -0.676856
687 -0.537219
688 0.822228
689 1.70204
690 -1.12465
691 -2.86875
692 3.35534
693 -0.420122
694 4.06367
695 7.73122
696 2.75364
697 -4.09933
698 0.781339
699 1.59756
700 2.72008
701 1.4782
702 3.51703
703 3.32616
704 -0.226092
705 -0.495036
706 -0.525035
707 0.471041
708 -0.733338
709 2.34684
710 -0.805227
711 0.364413
712 -2.48226
713 -2.60566
714 -1.27227
715 0.347733
716 3.24994
717 0.482686
718 1.90356
719 3.57501
720 -3.99703
721 -2.58929
722 -10.0575
723 -1.35001
724 0.903818
725 -0.596576
726 -1.11817
727 -1.99067
728 2.40809
729 -0.433826
730 -2.05582
731 -0.120247
732 -3.76904
733 -3.42799
734 -5.12371
735 -4.31652
736 -0.503806
737 2.17246
738 -2.2877
739 -1.75227
740 0.12412
741 -3.03182
742 -3.60471
743 3.30231
744 -0.914736
745 -0.90599
746 -1.4422
747 -4.94175
748 -4.95433
749 -0.608046
750 -1.81227
751 0.228102
752 -2.15641
753 -3.01139
754 -2.69237
755 0.354942
756 0.445008
757 0.602815
758 -1.76985
759 -0.923287
760 -1.48636
761 -0.122673
762 2.05887
763 0.317929
764 -0.542343
765 1.54595
766 -1.06181
767 -0.0513386
768 -2.01349
769 -3.09895
770 -0.789848
771 -2.43416
772 3.83985
773 -2.18351
774 -1.81428
775 0.319303
776 0.486234
777 -0.668517
778 -0.152407
779 -2.51399
780 -1.35491
781 -0.564215
782 -3.02507
783 -0.633868
784 2.57056
785 -3.86581
786 -0.662727
787 -3.09675
788 -1.80348
789 0.185707
790 1.95433
791 0.711346
792 1.25425
793 -2.14871
794 -2.03764
795 0.432589
796 -1.78352
797 0.554053
798 -1.81742
799 -1.80215
800 -0.112018
801 3.65855
802 0.994263
803 -0.458704
804 0.491727
805 0.939632
806 -2.21236
807 -1.72468
808 -0.0142394
809 -2.86154
810 -2.09169
811 -2.43819
812 -2.20419
813 -0.813645
814 -2.47396
815 -0.956459
816 4.59796
817 -3.08745
818 -2.67121
819 6.40102
820 0.615975
821 -0.171807
822 -0.883146
823 -1.08735
824 -1.98768
825 1.88085
826 -0.0875596
827 1.60876
828 3.7402
829 -1.17055
830 -1.8771
831 -0.0825649
832 0.0100945
833 -1.88611
834 2.79805
835 0.940208
836 -0.209173
837 -1.50597
838 -3.06383
839 -0.171469
840 0.756296
841 5.6782
842 -2.05624
843 -0.589884
844 1.0205
845 -5.96099
846 3.00173
847 -2.02673
848 -2.14868
849 2.66489
850 1.26911
851 -3.37612
852 0.0552451
853 -2.88982
854 2.128
855 0.243209
856 -3.44698
857 0.834329
858 0.792315
859 0.498119
860 -2.27614
861 -2.34473
862 -0.463611
863 2.43854
864 1.65383
865 0.476738
866 -0.442146
867 -1.89335
868 -2.9947
869 -3.06773
870 -0.228502
871 3.12586
872 -0.662032
873 3.48279
874 0.523195
875 2.2538
876 -0.692825
877 1.78998
878 -1.25068
879 3.6166
880 3.2654
881 -0.0432698
882 4.37026
883 1.87634
884 0.228116
885 -2.786
886 3.60679
887 -3.55292
888 -2.15405
889 1.95678
890 -0.0582704
891 0.763547
892 -2.14943
893 2.33864
894 -1.29746
895 -2.96347
896 4.77385
897 -1.39806
898 0.556827
899 0.960332
