0 -0.469282
1 12.3303
2 -0.666614
3 -1.92973
4 1.5775
5 2.68304
6 2.27053
7 0.142983
8 -0.0794338
9 -1.17517
10 0.812878
11 1.32856
12 -0.106162
13 2.31953
14 -2.16285
15 -1.54108
16 -0.935592
17 -2.05327
18 2.39158
19 -0.246885
20 -2.71128
21 2.83806
22 -0.00149206
23 -0.259074
24 -2.26926
25 -2.11362
26 -4.53689
27 -0.828646
28 0.31585
29 -0.378718
30 -0.303134
31 1.69746
32 2.26378
33 2.77569
34 -2.03696
35 0.0128012
36 -3.10317
37 -1.49515
38 -2.6573
39 -1.412
40 1.36834
41 0.521684
42 -1.09978
43 2.46905
44 -2.7242
45 0.737944
46 -0.630039
47 -2.83561
48 -2.07401
49 0.924608
50 -3.38246
51 -0.411173
52 -3.28939
53 1.02476
54 1.37211
55 3.45204
56 2.5612
57 -1.49571
58 -2.12845
59 -1.1686
60 -2.05898
61 1.09484
62 -2.97288
63 1.61137
64 -3.57273
65 -0.179944
66 0.564237
67 -1.733
68 -0.365378
69 -2.82202
70 -1.67359
71 -6.15406
72 -0.775577
73 1.5775
74 -1.25821
75 4.47195
76 2.12126
77 -0.484885
78 -1.40941
79 0.457167
80 0.388288
81 2.18327
82 0.293632
83 3.91553
84 3.86229
85 0.87936
86 -0.898808
87 0.265795
88 -3.30251
89 -0.861849
90 -0.399638
91 0.699458
92 0.897207
93 -1.17912
94 2.3815
95 3.78127
96 3.27306
97 1.23165
98 5.50193
99 -2.44022
100 3.07966
101 -1.66372
102 -1.67011
103 0.397612
104 1.93221
105 7.09729
106 3.48263
107 5.10749
108 1.74955
109 0.767828
110 2.27486
111 3.06275
112 3.96488
113 2.69912
114 4.65888
115 -3.05001
116 -0.131473
117 -2.2352
118 2.30575
119 1.29766
120 -0.911136
121 2.10707
122 -0.322687
123 -1.51174
124 -0.819212
125 1.83057
126 5.19195
127 3.52545
128 2.16674
129 -2.17055
130 1.80687
131 -0.383017
132 -0.901513
133 -2.05479
134 -2.83761
135 0.284677
136 -1.82122
137 2.03646
138 -1.54457
139 -0.690567
140 4.9108
141 -1.39245
142 1.83286
143 -2.81613
144 0.369431
145 0.22239
146 6.19923
147 0.723606
148 3.1604
149 3.34619
150 -3.27449
151 7.83204
152 7.47373
153 2.34062
154 0.788997
155 1.339
156 2.83725
157 0.606422
158 -0.358963
159 0.938936
160 -1.33239
161 -2.22642
162 3.76699
163 -2.37656
164 -0.81467
165 0.960563
166 -2.60731
167 2.30174
168 3.17213
169 2.0851
170 2.11211
171 -8.69562
172 -1.12895
173 -2.23206
174 3.19035
175 -6.19234
176 6.48533
177 -1.24144
178 0.842116
179 0.276075
180 -1.90352
181 0.145513
182 -0.0777144
183 -1.60784
184 -0.106308
185 -0.153513
186 -0.244536
187 2.18298
188 -1.48649
189 1.64187
190 -1.02482
191 -0.585666
192 0.563535
193 -7.7207
194 0.185169
195 0.669358
196 1.42899
197 -1.13937
198 4.38189
199 0.617325
200 0.970012
201 1.02817
202 -1.64988
203 0.658566
204 -1.8864
205 0.267536
206 -2.15656
207 1.46849
208 -2.69797
209 -1.02625
210 7.2409
211 -3.14322
212 -0.455873
213 -1.56189
214 -2.75765
215 0.384202
216 -2.45607
217 -0.163573
218 -1.04039
219 1.19265
220 0.311065
221 0.851232
222 -2.04891
223 -1.0991
224 -0.0381962
225 -1.39846
226 1.33335
227 -2.15056
228 -3.19267
229 0.56682
230 -1.19152
231 -2.31534
232 -1.42065
233 -0.328199
234 -1.37779
235 -3.32429
236 1.10672
237 0.225963
238 -3.6819
239 -4.60802
240 0.180565
241 -2.77461
242 1.97541
243 -4.28516
244 -3.82578
245 -4.14136
246 -3.92662
247 -1.80359
248 -5.25497
249 -3.51469
250 -0.0693841
251 -1.71881
252 0.0688773
253 -2.61982
254 -0.0722618
255 -2.79427
256 -0.551073
257 -1.54175
258 -0.93433
259 1.39173
260 2.30716
261 -0.562432
262 1.13824
263 -1.75595
264 -0.997984
265 2.67477
266 -1.82318
267 -0.33487
268 -1.27241
269 -0.337952
270 -0.0723824
271 1.57868
272 0.727776
273 1.39594
274 -0.317453
275 -0.162604
276 -2.29734
277 -2.47886
278 0.52518
279 1.72867
280 -4.00748
281 26.7819
282 0.76777
283 -3.02486
284 0.600351
285 2.06158
286 -3.10196
287 -4.1388
288 -0.907559
289 3.223
290 2.6196
291 6.87582
292 -1.55086
293 4.31878
294 4.2203
295 5.05941
296 2.32472
297 2.85083
298 -0.784931
299 -0.956223
300 -1.65485
301 1.99038
302 -3.36407
303 -3.15789
304 -2.95495
305 0.138714
306 0.855359
307 11.51
308 -0.943148
309 0.289728
310 1.6026
311 1.77092
312 2.04479
313 -0.74158
314 1.01724
315 -0.140607
316 -2.37724
317 2.69212
318 -0.918697
319 0.407635
320 -1.70952
321 -1.69858
322 -2.47727
323 2.68024
324 -1.06026
325 -0.558585
326 1.06378
327 -0.307651
328 0.100585
329 2.20383
330 2.21691
331 3.7145
332 -0.00134745
333 -0.52778
334 0.191253
335 -6.83175
336 4.09781
337 3.79032
338 8.30526
339 -0.465832
340 2.53672
341 2.29574
342 0.223507
343 -1.64526
344 -3.03012
345 1.51698
346 2.19019
347 2.49244
348 -1.32336
349 -2.40252
350 1.16703
351 3.57866
352 3.3233
353 -0.68894
354 0.0269139
355 0.477713
356 2.91594
357 -0.727413
358 3.00943
359 3.09597
360 -2.63604
361 0.360368
362 -0.790105
363 -4.47504
364 -3.27333
365 6.02834
366 -1.44131
367 0.974084
368 -0.200113
369 -2.12295
370 -0.742799
371 1.49797
372 -1.38347
373 -1.88511
374 0.158345
375 -2.17627
376 -2.79552
377 3.60721
378 -0.625728
379 -3.01839
380 -2.94024
381 -2.69426
382 -2.93674
383 -0.264531
384 -3.9209
385 -2.93228
386 -2.92896
387 -0.157283
388 -1.60926
389 -4.75852
390 -1.6613
391 -1.90631
392 -3.60527
393 -0.883166
394 10.8824
395 0.0345162
396 -2.57895
397 4.5077
398 2.18483
399 0.312723
400 -0.333269
401 -0.0542814
402 1.95368
403 -0.336097
404 1.84119
405 3.29658
406 -3.29365
407 -0.116863
408 22.8956
409 1.17383
410 -1.25594
411 4.31615
412 4.06165
413 2.76441
414 1.65988
415 -0.425886
416 2.74245
417 -1.18383
418 -1.57462
419 0.266489
420 -1.7138
421 4.43401
422 -1.90282
423 0.794382
424 -4.01054
425 0.264741
426 -1.18663
427 -2.20546
428 -2.00164
429 1.09694
430 -1.61804
431 -1.465
432 -3.40772
433 -2.19976
434 1.03027
435 1.83235
436 2.89197
437 -1.57267
438 -1.93503
439 -1.33652
440 1.52974
441 -0.48822
442 -1.02996
443 -0.0455851
444 -0.992475
445 1.93911
446 3.16616
447 1.21901
448 13.9528
449 5.93026
450 2.79725
451 -0.694545
452 -1.93768
453 2.92501
454 0.923202
455 -2.19544
456 20.1524
457 1.88558
458 -1.24106
459 -2.00124
460 -1.78906
461 2.51491
462 -0.814668
463 2.29547
464 -2.32688
465 -1.53746
466 0.875255
467 -1.13055
468 0.160669
469 3.90673
470 -0.12869
471 0.54012
472 -1.72688
473 -0.79999
474 2.45647
475 3.17457
476 2.83553
477 -0.828013
478 -2.55698
479 -2.03421
480 -1.10506
481 1.5578
482 -3.43564
483 -2.19791
484 -1.7432
485 1.23232
486 -1.01014
487 -0.953855
488 -0.313565
489 -1.50987
490 1.92724
491 -3.57291
492 -0.598957
493 -5.17428
494 1.45559
495 1.38839
496 -3.47384
497 -3.05119
498 -2.42856
499 -3.0122
500 -1.80902
501 1.68318
502 -0.15489
503 2.26672
504 2.19913
505 3.38553
506 -1.24666
507 0.764755
508 -0.868205
509 3.69791
510 0.535778
511 2.90351
512 4.28295
513 4.29269
514 0.965683
515 -0.470011
516 -0.22894
517 0.823563
518 0.131239
519 -3.47683
520 0.0249717
521 -1.80312
522 2.95762
523 0.553999
524 3.15943
525 0.8665
526 5.72156
527 1.91268
528 1.33186
529 3.59071
530 3.34444
531 -1.25511
532 0.262022
533 -0.826532
534 -4.73821
535 -0.953207
536 -1.2835
537 -2.13382
538 0.062132
539 0.793933
540 -2.0242
541 -1.35572
542 -0.583089
543 2.32297
544 -2.05376
545 0.803786
546 -0.32965
547 -4.08102
548 0.0876438
549 -0.493345
550 -2.76625
551 -0.80106
552 -0.34431
553 -0.372269
554 -1.729
555 -2.97853
556 -5.00078
557 -2.92909
558 0.910058
559 -1.32405
560 -1.36503
561 -1.05863
562 -0.59011
563 -5.02047
564 -1.73284
565 0
566 0.409824
567 -3.18041
568 -0.917011
569 -1.78039
570 -3.68724
571 -1.90611
572 -0.810213
573 0.383005
574 -2.21806
575 -1.43069
576 -0.945393
577 1.84218
578 -0.64729
579 -2.29397
580 3.99314
581 4.27112
582 2.269
583 3.06736
584 3.67472
585 -0.477015
586 -1.02269
587 -0.474148
588 2.01487
589 -0.738555
590 0.98006
591 -1.03904
592 -2.56804
593 2.46541
594 1.82372
595 -0.233142
596 4.14426
597 1.74855
598 0.0421821
599 2.19392
600 -1.18837
601 -2.48822
602 1.28964
603 0.443902
604 -1.2381
605 -0.931697
606 -0.799716
607 -1.6039
608 2.48302
609 -5.43922
610 -0.561309
611 -1.11078
612 -1.3979
613 -1.63086
614 -2.53998
615 -2.01211
616 -4.34881
617 -1.07659
618 -0.739076
619 -1.09523
620 2.3841
621 -1.30648
622 -2.13902
623 -2.41092
624 -1.92551
625 -2.67325
626 -2.73149
627 -4.77376
628 0.767728
629 -0.449869
630 -1.02067
631 -1.69351
632 3.11228
633 1.98179
634 -1.52265
635 -3.74267
636 2.19439
637 0.520585
638 -1.84532
639 -2.80523
640 3.13065
641 -0.453802
642 0.937148
643 2.75275
644 -2.34323
645 -2.012
646 0.485097
647 0.256307
648 1.47348
649 1.51676
650 0.473723
651 -2.92682
652 1.30607
653 -1.53357
654 3.52722
655 -0.196149
656 -0.540479
657 5.8403
658 0.527961
659 1.3058
660 1.87119
661 4.45672
662 0.785648
663 -2.9873
664 -3.44079
665 4.24061
666 1.83324
667 2.03209
668 -1.9773
669 -1.55722
670 0.755082
671 0.465948
672 -1.09572
673 0.824574
674 2.66497
675 -0.217323
676 -1.34663
677 -2.17541
678 -3.02694
679 -3.96193
680 -1.3272
681 0.702167
682 -3.32798
683 -1.27644
684 4.29304
685 -2.02003
686 -0.666864
687 -0.525635
688 0.901529
689 1.7616
690 -1.06192
691 -2.87184
692 3.38841
693 -0.36655
694 4.07363
695 7.75899
696 2.75882
697 -3.99409
698 0.800367
699 1.59625
700 2.72776
701 1.51151
702 3.50169
703 3.32917
704 -0.237543
705 -0.499973
706 -0.503252
707 0.495345
708 -0.736841
709 2.3268
710 -0.804154
711 0.376746
712 -2.40819
713 -2.64831
714 -1.27459
715 0.351246
716 3.31128
717 0.459871
718 1.97809
719 3.57765
720 -4.05331
721 -2.69465
722 -10.075
723 -1.37091
724 0.892716
725 -0.551299
726 -1.15008
727 -2.01189
728 2.42735
729 -0.511454
730 -2.12701
731 -0.113276
732 -3.83069
733 -3.55612
734 -5.09754
735 -4.33514
736 -0.527058
737 2.11379
738 -2.40229
739 -1.79108
740 0.207484
741 -3.06914
742 -3.73776
743 3.33428
744 -0.74462
745 -0.853816
746 -1.36156
747 -5.02245
748 -5.01007
749 -0.67354
750 -1.83936
751 0.220924
752 -2.17984
753 -3.00185
754 -2.8585
755 0.381954
756 0.451205
757 0.622493
758 -1.78345
759 -0.925996
760 -1.54489
761 -0.117923
762 2.04212
763 0.313149
764 -0.57565
765 1.57256
766 -1.05294
767 -0.00536334
768 -2.02505
769 -3.07361
770 -0.75725
771 -2.4072
772 3.87838
773 -2.20114
774 -1.7782
775 0.340076
776 0.491339
777 -0.644783
778 -0.140832
779 -2.52878
780 -1.31931
781 -0.527714
782 -2.98808
783 -0.624581
784 2.56194
785 -3.91004
786 -0.696638
787 -3.14359
788 -1.85782
789 0.17892
790 1.93539
791 0.710995
792 1.20866
793 -2.12811
794 -2.03202
795 0.415099
796 -1.84179
797 0.512193
798 -1.85519
799 -1.88035
800 -0.133605
801 3.65655
802 1.03911
803 -0.43968
804 0.502777
805 0.932747
806 -2.1903
807 -1.71471
808 -0.0309375
809 -2.84361
810 -2.09864
811 -2.40637
812 -2.24299
813 -0.803437
814 -2.41321
815 -0.968338
816 4.59848
817 -3.15894
818 -2.74512
819 6.36171
820 0.551917
821 -0.235103
822 -0.942945
823 -1.14617
824 -2.01625
825 1.78399
826 -0.174162
827 1.4902
828 3.76388
829 -1.14164
830 -1.85513
831 -0.0595077
832 0.0425895
833 -1.87254
834 2.80579
835 0.958066
836 -0.194306
837 -1.43385
838 -3.03827
839 -0.132565
840 0.786955
841 5.77125
842 -2.00363
843 -0.593404
844 1.05704
845 -5.92577
846 3.05702
847 -1.93973
848 -2.16316
849 2.70771
850 1.33665
851 -3.35068
852 0.14247
853 -2.8746
854 2.24886
855 0.296756
856 -3.37604
857 0.878633
858 0.842005
859 0.529969
860 -2.2488
861 -2.3069
862 -0.444122
863 2.48566
864 1.8134
865 0.538929
866 -0.296784
867 -1.76809
868 -2.90588
869 -2.86391
870 -0.114754
871 3.2548
872 -0.541771
873 3.58216
874 0.554074
875 2.31302
876 -0.61456
877 1.8446
878 -1.17267
879 3.71891
880 3.36877
881 0.0388181
882 4.47026
883 2.00598
884 0.304357
885 -2.67177
886 3.67166
887 -3.41321
888 -2.06911
889 2.04746
890 0.0648915
891 0.840431
892 -1.99792
893 2.44532
894 -1.18014
895 -2.86374
896 4.87023
897 -1.21632
898 0.705068
899 1.0428
