0  1.11941
1  1.0348
2  1.08723
3  1.10561
4  1.18836
5  1.22056
6  1.0573
7  1.08704
8  1.18541
9  1.09614
10  1.25209
11  1.19578
12  1.23733
13  1.20248
14  1.36618
15  1.18536
16  1.29384
17  1.29228
18  1.1919
19  1.30001
20  1.2895
21  1.16159
22  1.29644
23  1.07037
24  1.20523
25  1.37571
26  1.36219
27  1.29256
28  1.16272
29  1.28164
30  1.2698
31  1.25456
32  1.13935
33  1.24023
34  1.31942
35  1.14293
36  1.30407
37  1.37268
38  1.35388
39  1.30967
40  1.34126
41  1.29345
42  1.30759
43  1.22258
44  1.25595
45  1.34431
46  1.30493
47  1.28437
48  1.2078
49  1.31457
50  1.14764
51  1.21723
52  1.41674
53  1.26673
54  1.16805
55  1.27
56  1.30137
57  1.1351
58  1.35809
59  1.34559
60  1.40914
61  1.25974
62  1.37073
63  1.25002
64  1.34053
65  1.25319
66  1.35618
67  1.2581
68  1.32783
69  1.3303
70  1.30293
71  1.32778
72  1.32676
73  1.3168
74  1.32133
75  1.21128
76  1.20367
77  1.30918
78  1.38517
79  1.26934
80  1.13318
81  1.1409
82  1.21348
83  1.20112
84  1.35865
85  1.33273
86  1.30236
87  1.42544
88  1.29606
89  1.38755
90  1.39849
91  1.27012
92  1.30059
93  1.27979
94  1.31444
95  1.17607
96  1.16506
97  1.18056
98  1.24513
99  1.07071
100  1.36667
101  1.34069
102  1.23096
103  1.27228
104  1.26869
105  1.20605
106  1.27059
107  1.20188
108  1.10248
109  1.1221
110  1.15074
111  1.1968
112  1.26428
113  1.1571
114  1.2842
115  1.19134
116  1.09604
117  1.03333
118  1.13485
119  1.10688
120  1.3415
121  1.2246
122  1.29786
123  1.27524
124  1.3867
125  1.25018
126  1.27878
127  1.27179
128  1.2477
129  1.23185
130  1.34463
131  1.17653
132  1.30232
133  1.32583
134  1.31165
135  1.30177
136  1.25259
137  1.26431
138  1.14017
139  1.22593
140  1.29308
141  1.17511
142  1.22712
143  1.16729
144  1.09536
145  1.1435
146  1.21958
147  1.31153
148  1.15032
149  1.20374
150  1.30965
151  1.18274
152  1.25598
153  1.2627
154  1.25206
155  1.16576
156  1.22879
157  1.27586
158  1.32109
159  1.23117
160  1.31533
161  1.40814
162  1.26227
163  1.11394
164  1.23579
165  1.33541
166  1.34089
167  1.18622
168  1.34745
169  1.30485
170  1.31609
171  1.19095
172  1.16777
173  1.27228
174  1.34639
175  1.2472
176  1.28785
177  1.20267
178  1.25902
179  1.18884
180  1.2036
181  1.29016
182  1.22971
183  1.13346
184  1.34177
185  1.31535
186  1.25562
187  1.20778
188  1.22942
189  1.18787
190  1.25544
191  1.25343
192  1.2211
193  1.32258
194  1.3144
195  1.20369
196  1.37596
197  1.21621
198  1.20068
199  1.2373
200  1.21785
201  1.16057
202  1.31467
203  1.25108
204  1.21272
205  1.14442
206  1.36985
207  1.14527
208  1.31048
209  1.24518
210  1.27704
211  1.26995
212  1.20629
213  1.23942
214  1.26526
215  1.27856
216  1.28728
217  1.14122
218  1.42403
219  1.17918
220  1.25886
221  1.26623
222  1.29141
223  1.22388
224  1.30078
225  1.25412
226  1.34296
227  1.20663
228  1.36585
229  1.26219
230  1.22789
231  1.24575
232  1.3223
233  1.30038
234  1.32635
235  1.27104
236  1.22841
237  1.42704
238  1.25895
239  1.27554
240  1.31384
241  1.13349
242  1.42419
243  1.0216
244  1.36758
245  1.22497
246  1.36988
247  1.34998
248  1.269
249  1.33182
250  1.32775
251  1.28909
252  1.20856
253  1.21486
254  1.35353
255  1.40787
256  1.3488
257  1.35585
258  1.24065
259  1.33044
260  1.23248
261  1.27079
262  1.16701
263  1.28455
264  1.30431
265  1.33752
266  1.29025
267  1.15493
268  1.31128
269  1.33109
270  1.30991
271  1.31307
272  1.22914
273  1.24114
274  1.35407
275  1.2942
276  1.16138
277  1.3318
278  1.26798
279  1.37934
280  1.28475
281  1.24734
282  1.23225
283  1.36155
284  1.29199
285  1.31771
286  1.2748
287  1.38034
288  1.37471
289  1.25561
290  1.32235
291  1.11912
292  1.34441
293  1.23547
294  1.26098
295  1.26473
296  1.30147
297  1.1994
298  1.24074
299  1.20098
300  1.2692
301  1.32595
302  1.27071
303  1.11471
304  1.36868
305  1.31029
306  1.2632
307  1.19791
308  1.13601
309  1.36325
310  1.22899
311  1.23671
312  1.25054
313  1.30786
314  1.28578
315  1.35532
316  1.27351
317  1.29451
318  1.13618
319  1.23449
320  1.27611
321  1.32702
322  1.23968
323  1.29006
324  1.20448
325  1.22674
326  1.33698
327  1.32176
328  1.22712
329  1.25456
330  1.22213
331  1.16642
332  1.14608
333  1.26565
334  1.28359
335  1.34285
336  1.31
337  1.27223
338  1.28699
339  1.28793
340  1.2237
341  1.19402
342  1.2841
343  1.36265
344  1.32496
345  1.22199
346  1.2548
347  1.27377
348  1.35774
349  1.28616
350  1.19199
351  1.35205
352  1.20708
353  0.905749
354  1.16635
355  1.38354
356  1.31273
357  1.19287
358  1.26351
359  1.13061
360  1.18451
361  1.22536
362  1.38858
363  1.22225
364  1.29972
365  1.33392
366  1.19571
367  1.29571
368  1.4126
369  1.32573
370  1.27224
371  1.26706
372  1.21409
373  1.28915
374  1.2989
375  1.23308
376  1.29961
377  1.22357
378  1.19651
379  1.29321
380  1.3078
381  1.29339
382  1.25113
383  1.36217
384  1.3029
385  1.30705
386  1.24577
387  1.2498
388  1.1415
389  1.37979
390  1.26296
391  1.33643
392  1.26797
393  1.28256
394  1.32285
395  1.36458
396  1.28641
397  1.20631
398  1.14293
399  1.24696
400  1.17478
401  1.29527
402  1.25317
403  1.24266
404  1.23085
405  1.27259
406  1.23364
407  1.3053
408  1.2029
409  1.15346
410  1.17615
411  1.23825
412  1.08389
413  1.14034
414  1.26543
415  1.37425
416  1.1562
417  1.33335
418  1.23924
419  1.23773
420  1.2374
421  1.15761
422  1.23953
423  1.1903
424  1.19498
425  1.19291
426  1.2511
427  1.166
428  1.28406
429  1.16249
430  1.27817
431  1.21948
432  1.15062
433  1.35457
434  1.38197
435  1.34455
436  1.32447
437  1.332
438  1.40826
439  1.20583
440  1.31968
441  1.25827
442  1.31814
443  1.30098
444  1.2093
445  1.28155
446  1.17025
447  1.23923
448  1.3416
449  1.3168
450  1.23091
451  1.18909
452  1.35112
453  1.37295
454  1.37099
455  1.28961
456  1.24194
457  1.21499
458  1.1729
459  1.31536
460  1.26661
461  1.26675
462  1.19357
463  1.16454
464  1.35734
465  1.26341
466  1.22141
467  1.14497
468  1.15956
469  1.2822
470  1.35073
471  1.36578
472  1.30454
473  1.33664
474  1.23473
475  1.18042
476  1.22875
477  1.23588
478  1.32882
479  1.33349
480  1.29791
481  1.27966
482  1.201
483  1.27214
484  1.14151
485  1.28416
486  1.16746
487  1.30989
488  1.18895
489  1.17684
490  1.27923
491  1.28697
492  1.37829
493  1.36713
494  1.16265
495  1.23062
496  1.30266
497  1.37438
498  1.33496
499  1.31655
500  1.22373
501  1.15842
502  1.31479
503  1.19108
504  1.33957
505  1.1553
506  1.23636
507  1.26271
508  1.26672
509  1.35531
510  1.45277
511  1.30312
512  1.26443
513  1.16131
514  1.20138
515  1.17048
516  1.24725
517  1.27149
518  1.23705
519  1.19715
520  1.387
521  1.38713
522  1.25846
523  0.983311
524  1.19703
525  1.19709
526  1.2122
527  1.30131
528  1.27205
529  1.34174
530  1.06884
531  1.14187
532  1.26432
533  1.21059
534  1.22487
535  1.35371
536  1.36669
537  1.24402
538  1.269
539  1.25446
540  1.31961
541  1.2116
542  1.25387
543  1.4235
544  1.32391
545  1.19607
546  1.24861
547  1.34301
548  1.25807
549  1.21468
550  1.32881
551  1.28335
552  1.21467
553  1.25078
554  1.29468
555  1.34763
556  1.30188
557  1.28072
558  1.22988
559  1.32502
560  1.20945
561  1.40755
562  1.32565
563  1.40881
564  1.43443
565  1.28591
566  1.23975
567  1.40565
568  1.34265
569  1.27064
570  1.25499
571  1.38407
572  1.35953
573  1.25743
574  1.38835
575  1.27319
576  1.13569
577  1.1702
578  1.30248
579  1.1464
580  1.16719
581  1.3384
582  1.20339
583  1.28374
584  1.16948
585  1.17414
586  1.24637
587  1.16339
588  1.21325
589  1.18596
590  1.0952
591  1.36941
592  1.19242
593  1.2089
594  1.17009
595  1.24538
596  1.21821
597  1.28964
598  1.24716
599  1.2952
600  1.23163
601  1.33293
602  1.17679
603  1.132
604  1.22194
605  1.28466
606  1.20555
607  1.2618
608  1.25781
609  1.21616
610  1.25674
611  1.19601
612  1.35895
613  1.26623
614  1.22521
615  1.23639
616  1.21014
617  1.36959
618  1.3119
619  1.2559
620  1.1951
621  1.29307
622  1.35186
623  1.26247
624  1.29634
625  1.33917
626  1.30597
627  1.26633
628  1.2652
629  1.16422
630  1.26425
631  1.24682
632  1.19367
633  1.33748
634  1.36359
635  1.36858
636  1.3176
637  1.3159
638  1.37689
639  1.33957
640  1.24748
641  1.3052
642  1.31403
643  1.28507
644  1.27078
645  1.40774
646  1.35836
647  1.3659
648  1.24995
649  1.18737
650  1.27425
651  1.21384
652  1.37591
653  1.21554
654  1.33451
655  1.22885
656  1.16606
657  1.26731
658  1.34359
659  1.25439
660  1.3458
661  1.12189
662  1.18978
663  1.29251
664  1.34516
665  1.24398
666  1.32809
667  1.14162
668  1.21123
669  1.26326
670  1.28357
671  1.16134
672  1.27827
673  1.29379
674  1.21678
675  1.15853
676  1.34325
677  1.23409
678  1.36447
679  1.36438
680  1.20501
681  1.14234
682  1.33637
683  1.37706
684  1.20982
685  1.18906
686  1.31511
687  1.26176
688  1.27152
689  1.37261
690  1.39062
691  1.37846
692  1.29051
693  1.2453
694  1.23006
695  1.31082
696  1.0987
697  1.29611
698  1.31827
699  1.16967
700  1.11424
701  1.15455
702  1.24897
703  1.09993
704  1.26958
705  1.35754
706  1.35958
707  1.34889
708  1.30576
709  1.34299
710  1.28742
711  1.16687
712  1.36909
713  1.36622
714  1.42545
715  1.3371
716  1.28248
717  1.15367
718  1.2361
719  1.21617
720  1.37599
721  1.27438
722  1.26216
723  1.24271
724  1.30736
725  1.16641
726  1.30115
727  1.46091
728  1.2662
729  1.30034
730  1.189
731  1.30743
732  1.27692
733  1.37212
734  1.35894
735  1.37085
736  1.44563
737  1.36356
738  1.29991
739  1.38041
740  1.4509
741  1.27241
742  1.40623
743  1.27668
744  1.15355
745  1.30055
746  1.28721
747  1.34067
748  1.40535
749  1.23841
750  1.25319
751  1.29244
752  1.44074
753  1.48696
754  1.27108
755  1.25907
756  1.36269
757  1.34889
758  1.18182
759  1.22083
760  1.29702
761  1.2628
762  1.21318
763  1.15752
764  1.24149
765  1.36073
766  1.28808
767  1.16781
768  1.30704
769  1.21759
770  1.3074
771  1.34287
772  1.30544
773  1.29633
774  1.29255
775  1.26258
776  1.27837
777  1.28741
778  1.19111
779  1.24191
780  1.15964
781  1.20121
782  1.25325
783  1.27839
784  1.20641
785  1.42442
786  1.30592
787  1.38275
788  1.23447
789  1.17562
790  1.20111
791  1.25577
792  1.2675
793  1.3269
794  1.26805
795  1.28471
796  1.34167
797  1.24151
798  1.17869
799  1.41381
800  1.30974
801  1.28147
802  1.10447
803  1.34973
804  1.30388
805  1.22
806  1.25116
807  1.43943
808  1.28904
809  1.39875
810  1.27238
811  1.31811
812  1.35813
813  1.25897
814  1.23376
815  1.37658
816  1.24824
817  1.18397
818  1.37038
819  1.17748
820  1.38223
821  1.23493
822  1.34452
823  1.311
824  1.1999
825  1.18364
826  1.26241
827  1.29819
828  1.29094
829  1.3059
830  1.24248
831  1.28317
832  1.17341
833  1.39106
834  1.17553
835  1.2776
836  1.33549
837  1.37103
838  1.39295
839  1.26507
840  1.34172
841  1.1916
842  1.30968
843  1.36241
844  1.43933
845  1.24215
846  1.32429
847  1.33398
848  1.28755
849  1.29483
850  1.27819
851  1.40436
852  1.25245
853  1.32743
854  1.26553
855  1.25903
856  1.37283
857  1.30604
858  1.24836
859  1.18044
860  1.16196
861  1.36086
862  1.34257
863  1.1809
864  1.28227
865  1.19829
866  1.07313
867  1.21102
868  1.36806
869  1.3397
870  1.2844
871  1.27243
872  1.24207
873  1.27474
874  1.41215
875  1.32358
876  1.20796
877  1.22219
878  1.02398
879  1.31067
880  1.1644
881  1.18773
882  1.20914
883  1.21652
884  1.20792
885  1.37798
886  1.33115
887  1.28512
888  1.42643
889  1.37388
890  1.31867
891  1.17868
892  1.26182
893  1.25823
894  1.18147
895  1.29861
896  1.27831
897  1.43987
898  1.28082
899  1.40392
