Tag ID state CutRate 104093 58949.731656
0 35 0 1155.216919
0 36 0 1246.481567
0 37 0 1287.310425
0 38 0 1188.840698
0 39 0 1330.541016
0 40 0 1344.951172
0 41 0 1407.395264
0 42 0 1414.600464
0 43 0 1181.635620
0 44 0 1258.489990
0 45 0 1349.754517
0 46 0 1501.061523
0 47 0 1294.515503
0 48 0 1188.840698
0 49 0 1241.678101
0 50 0 1419.403809
0 51 0 1296.917236
0 52 0 1342.549438
0 53 0 1294.515503
0 54 0 1087.969360
0 55 0 1208.054321
0 56 0 1172.028809
0 57 0 1342.549438
0 58 0 1239.276367
0 59 0 1174.430542
0 60 0 1186.439087
0 61 0 1383.378296
0 62 0 1287.310425
0 63 0 1390.583374
0 64 0 1260.891724
0 65 0 1164.823730
0 66 0 1287.310425
0 67 0 1402.591919
0 68 0 1263.293457
0 69 0 1301.720581
0 70 0 1248.883179
0 71 0 1085.567749
0 72 0 1364.164795
0 73 0 1352.156250
0 74 0 1294.515503
0 75 0 1284.908691
0 76 0 1229.669678
0 77 0 1294.515503
0 78 0 1229.669678
0 79 0 1090.371094
0 80 0 1253.686646
0 81 0 1364.164795
0 82 0 1155.216919
0 83 0 1220.062866
0 84 0 1311.327393
0 85 0 1337.746094
0 86 0 1260.891724
0 87 0 1121.593140
0 88 0 1200.849243
0 89 0 1167.225464
0 90 0 1176.832275
0 91 0 1311.327393
0 92 0 1316.130737
0 93 0 1268.096802
0 94 0 1241.678101
0 95 0 1229.669678
0 96 0 1277.703613
0 97 0 1027.927002
0 98 0 1265.695068
0 99 0 1227.267944
0 100 0 1258.489990
0 101 0 1148.011841
0 102 0 1260.891724
0 103 0 1196.045898
0 104 0 1292.113770
0 106 0 1167.225464
0 107 0 1359.361328
0 108 0 1256.088257
0 109 0 1371.369873
0 110 0 1169.627197
0 111 0 1224.866211
0 112 0 1174.430542
0 113 0 1188.840698
0 114 0 1260.891724
0 115 0 1268.096802
0 116 0 1320.934204
0 117 0 1220.062866
0 118 0 1320.934204
0 119 0 1296.917236
0 120 0 1083.166016
0 121 0 1325.737549
0 122 0 1131.199951
0 123 0 1121.593140
0 124 0 1263.293457
0 125 0 1282.506958
0 126 0 1220.062866
0 127 0 1217.661133
0 128 0 1092.772827
0 129 0 1217.661133
0 130 0 1246.481567
0 131 0 1087.969360
0 132 0 1215.259399
0 133 0 1246.481567
0 134 0 1244.079834
0 135 0 1388.181763
0 136 0 1325.737549
0 137 0 1236.874756
0 138 0 1145.610229
0 139 0 1205.652588
0 140 0 1280.105347
0 141 0 1325.737549
0 142 0 1409.796997
0 143 0 1184.037354
0 144 0 1313.729126
0 145 0 1352.156250
0 146 0 1217.661133
0 147 0 1277.703613
0 148 0 1306.523926
0 149 0 1208.054321
0 150 0 1280.105347
0 151 0 1215.259399
0 152 0 1227.267944
0 153 0 1258.489990
0 154 0 1323.335815
0 155 0 1467.437744
0 156 0 1409.796997
0 157 0 1301.720581
0 158 0 1133.601685
0 159 0 1181.635620
0 160 0 1215.259399
0 161 0 1287.310425
0 162 0 1023.123535
0 163 0 1368.968140
0 164 0 1388.181763
0 165 0 1179.234009
0 166 0 1328.139282
0 167 0 1472.241211
0 168 0 1123.994873
0 169 0 1549.095581
0 170 0 1340.147705
0 171 0 1284.908691
0 172 0 1265.695068
0 173 0 1441.019043
0 174 0 1107.182983
0 175 -1 403.485352
0 176 0 1215.259399
0 177 0 1198.447510
0 178 0 1275.301880
0 179 0 1325.737549
0 180 0 1313.729126
0 181 0 1260.891724
0 182 0 1184.037354
0 183 0 1268.096802
0 184 0 1239.276367
0 185 0 1424.207153
0 186 0 1308.925659
0 187 0 1224.866211
0 188 0 1198.447510
0 189 0 1356.959595
0 190 0 1330.541016
0 191 0 1256.088257
0 192 0 1284.908691
0 193 0 1337.746094
0 194 0 1296.917236
0 195 0 1368.968140
0 196 0 1397.788574
0 197 0 1275.301880
0 198 0 1332.942627
0 199 0 1284.908691
0 200 0 1385.780029
0 201 0 1157.618652
0 202 0 1347.352905
0 203 0 1296.917236
0 204 0 1368.968140
0 205 0 1325.737549
0 206 0 1347.352905
0 207 0 1323.335815
0 209 0 1063.952393
0 210 0 1263.293457
0 211 0 1407.395264
0 212 0 1174.430542
0 213 0 1316.130737
0 214 0 1316.130737
0 215 0 1354.557983
0 216 0 1174.430542
0 217 0 1280.105347
0 218 0 1270.498535
0 219 0 1162.422119
0 220 0 1265.695068
0 221 0 1248.883179
0 222 0 1167.225464
0 223 0 1179.234009
0 224 0 1200.849243
0 225 0 1241.678101
0 226 0 1212.857788
0 227 0 1318.532471
0 228 0 1318.532471
0 229 0 1340.147705
0 230 0 1311.327393
0 231 0 1152.815308
0 232 0 1306.523926
0 233 0 1296.917236
0 234 0 1323.335815
0 235 0 1342.549438
0 236 0 1337.746094
0 237 0 1224.866211
0 238 0 1328.139282
0 239 0 1441.019043
0 240 0 1234.473022
0 241 0 1320.934204
0 242 0 1150.413574
0 243 0 1277.703613
0 245 0 1224.866211
0 246 0 1443.420776
0 247 0 1376.173218
0 248 0 1256.088257
0 249 0 1340.147705
0 250 0 1138.405029
0 251 0 1229.669678
0 252 0 1193.644165
0 253 0 1181.635620
0 254 0 1150.413574
0 255 0 1148.011841
0 256 0 1164.823730
0 257 0 1308.925659
0 258 0 1227.267944
0 259 0 1292.113770
0 260 0 1248.883179
0 261 0 1229.669678
0 262 0 1304.122314
0 263 0 1164.823730
0 264 0 1143.208496
0 265 0 1308.925659
0 266 0 1260.891724
0 267 0 1260.891724
0 268 0 1217.661133
0 269 0 1227.267944
0 270 0 1222.464478
0 271 0 1145.610229
0 272 0 1361.763062
0 273 0 1114.388062
0 274 0 1469.839478
0 275 0 1222.464478
0 276 0 1138.405029
0 277 0 1287.310425
0 278 0 1193.644165
0 279 0 1111.986450
0 280 0 1241.678101
0 281 0 1205.652588
0 282 0 1150.413574
0 283 0 1205.652588
0 284 0 1227.267944
0 285 0 1275.301880
0 286 0 1318.532471
0 287 0 1128.798340
0 288 0 1236.874756
0 289 0 1236.874756
0 290 0 1179.234009
0 291 0 1284.908691
0 292 0 1217.661133
0 293 0 1313.729126
0 294 0 1256.088257
0 295 0 1215.259399
0 296 0 1277.703613
0 297 0 1337.746094
0 298 0 1133.601685
0 299 0 1193.644165
0 300 0 1167.225464
0 301 0 1301.720581
0 302 0 1268.096802
0 303 0 1337.746094
0 304 0 1316.130737
0 305 0 1318.532471
0 306 0 1164.823730
0 309 0 1318.532471
0 310 0 1325.737549
0 311 0 1152.815308
0 312 0 1222.464478
0 313 0 1292.113770
0 314 0 1196.045898
0 315 0 1229.669678
0 316 0 1251.284912
0 317 0 1196.045898
0 318 0 1392.985107
0 319 0 1193.644165
0 320 0 1316.130737
0 321 0 1361.763062
0 322 0 1280.105347
0 323 0 1116.789795
0 324 0 1299.318848
0 325 0 1284.908691
0 326 0 1205.652588
0 327 0 1388.181763
0 328 0 1356.959595
0 329 0 1289.712036
0 330 0 1270.498535
0 331 0 1443.420776
0 332 0 1234.473022
0 333 0 1275.301880
0 335 0 1193.644165
0 336 0 1107.182983
0 337 0 1198.447510
0 338 0 1356.959595
0 339 0 1263.293457
0 340 0 1160.020386
0 341 0 1244.079834
0 342 0 1277.703613
0 343 0 1284.908691
0 344 0 1104.781250
0 345 0 1208.054321
0 346 0 1417.002075
0 347 0 1215.259399
0 348 0 1244.079834
0 349 0 1296.917236
0 350 0 1140.806763
0 351 0 1241.678101
0 352 0 1316.130737
0 353 0 1289.712036
0 354 0 1196.045898
0 355 0 1453.027588
0 356 0 1220.062866
0 357 0 1087.969360
0 358 0 1203.250977
0 359 0 1227.267944
0 360 0 1275.301880
0 361 0 1395.386841
0 362 0 1104.781250
0 363 0 1208.054321
0 364 0 1083.166016
0 365 0 1337.746094
0 366 0 1205.652588
0 367 0 1244.079834
0 368 0 1198.447510
0 369 0 1368.968140
0 370 0 1289.712036
0 371 0 1208.054321
0 372 0 1304.122314
0 373 0 1241.678101
0 374 0 1198.447510
0 375 0 1306.523926
0 376 0 1493.856445
0 377 0 1248.883179
0 378 0 1277.703613
0 379 0 1390.583374
0 380 0 1378.574951
0 381 0 1301.720581
0 382 0 1111.986450
0 383 0 1109.584717
0 384 0 1258.489990
0 386 0 1390.583374
0 387 0 1419.403809
0 388 0 1188.840698
0 389 0 1229.669678
0 390 0 1282.506958
0 392 0 1400.190186
0 393 0 1193.644165
0 394 0 1162.422119
0 395 0 1162.422119
0 396 0 1251.284912
0 397 0 1152.815308
0 398 0 1179.234009
0 399 0 1116.789795
0 400 0 1119.191528
0 401 0 1299.318848
0 402 0 1150.413574
0 403 0 1328.139282
0 404 0 1215.259399
0 405 0 1109.584717
0 406 0 1260.891724
0 407 0 1217.661133
0 408 0 1176.832275
0 409 0 1145.610229
0 410 0 1234.473022
0 411 0 1198.447510
0 412 0 1205.652588
0 413 0 1347.352905
0 414 0 1104.781250
0 415 0 1460.232666
0 416 0 1563.505737
0 417 0 1260.891724
0 418 0 1107.182983
0 419 0 1244.079834
0 420 0 1380.976685
0 421 0 1296.917236
0 422 0 989.499756
0 423 0 1229.669678
0 424 0 1229.669678
0 425 0 1068.755859
0 426 0 1229.669678
0 427 0 1239.276367
0 428 0 1198.447510
0 429 0 1335.344360
0 430 0 1256.088257
0 431 0 1217.661133
0 432 0 1234.473022
0 433 0 1191.242432
0 434 0 1066.354126
0 435 0 1268.096802
0 436 0 1078.362671
0 437 0 1136.003418
0 438 0 1368.968140
0 439 0 1275.301880
0 440 0 1258.489990
0 441 0 1301.720581
0 442 0 1061.550781
0 443 0 1323.335815
0 444 0 1234.473022
0 445 0 1328.139282
0 446 0 1304.122314
0 447 0 1292.113770
0 448 0 1270.498535
0 449 0 1364.164795
0 450 0 1419.403809
0 451 0 1051.943970
0 452 0 1155.216919
0 453 0 1203.250977
0 454 0 1080.764282
0 455 0 1407.395264
0 456 0 1390.583374
0 457 0 1051.943970
0 458 0 1176.832275
0 459 0 1280.105347
0 460 0 1320.934204
0 461 0 1109.584717
0 462 0 1248.883179
0 463 0 1340.147705
0 464 0 1215.259399
0 465 0 1287.310425
0 466 0 1162.422119
0 467 0 1121.593140
0 468 0 1148.011841
0 469 0 1227.267944
0 470 0 1260.891724
0 471 0 1068.755859
0 473 0 1244.079834
0 474 0 1373.771484
0 475 0 1284.908691
0 476 0 1306.523926
0 477 0 1318.532471
0 478 0 1342.549438
0 479 0 1241.678101
0 480 0 1323.335815
0 481 0 1299.318848
0 482 0 1306.523926
0 483 0 1227.267944
0 484 0 1328.139282
0 485 0 1160.020386
0 486 0 1383.378296
0 487 0 1323.335815
0 488 0 1361.763062
0 489 0 1433.813965
0 490 0 1340.147705
0 491 0 1472.241211
0 492 0 1265.695068
0 493 0 1313.729126
0 494 0 1313.729126
0 495 0 1301.720581
0 496 0 1421.805542
0 497 0 1236.874756
0 498 0 1477.044556
0 499 0 1280.105347
0 500 0 1152.815308
0 501 0 1332.942627
0 502 0 1380.976685
0 504 0 1133.601685
0 505 0 1438.617432
0 506 0 1373.771484
0 507 0 1268.096802
0 508 0 1056.747314
0 509 0 1361.763062
0 510 0 1347.352905
0 511 0 1316.130737
0 512 0 1227.267944
0 513 0 1205.652588
0 514 0 1251.284912
0 515 0 1284.908691
0 516 0 1239.276367
0 517 0 1263.293457
0 518 0 1289.712036
0 519 0 1383.378296
0 520 0 1344.951172
0 521 0 1239.276367
0 522 0 1400.190186
0 523 0 1311.327393
0 524 0 1316.130737
0 525 0 1313.729126
0 526 0 1284.908691
0 527 0 1366.566406
0 528 0 1200.849243
0 529 0 1227.267944
0 530 0 1270.498535
0 531 0 1421.805542
0 532 0 1313.729126
0 533 0 1385.780029
0 534 0 1395.386841
0 535 0 1313.729126
0 536 0 1311.327393
0 537 0 1080.764282
0 538 0 1232.071289
0 539 0 1294.515503
0 540 0 1318.532471
0 541 0 1143.208496
0 542 0 1328.139282
0 543 0 1212.857788
0 544 0 1210.456055
0 545 0 1306.523926
0 546 0 1296.917236
0 547 0 1164.823730
0 548 0 1133.601685
0 549 0 1236.874756
0 550 0 1296.917236
0 552 0 1251.284912
0 553 0 1409.796997
0 554 0 1174.430542
0 555 0 1414.600464
0 556 0 1102.379639
0 557 0 1200.849243
0 558 0 1085.567749
0 559 0 1407.395264
0 560 0 1244.079834
0 561 0 1385.780029
0 562 0 1217.661133
0 563 0 1258.489990
0 564 0 1220.062866
0 565 0 1284.908691
0 566 0 1270.498535
0 567 0 1186.439087
0 568 0 1347.352905
0 569 0 1176.832275
0 571 0 1203.250977
0 572 0 1330.541016
0 573 0 1126.396606
0 574 0 1344.951172
0 575 0 1148.011841
0 576 0 1277.703613
0 577 0 1251.284912
0 578 0 1234.473022
0 579 0 1227.267944
0 580 0 1304.122314
0 581 0 1253.686646
0 582 0 1270.498535
0 583 0 1217.661133
0 584 0 1260.891724
0 585 0 1316.130737
0 586 0 1318.532471
0 587 0 1111.986450
0 589 0 1347.352905
0 590 0 1162.422119
0 591 0 1306.523926
0 592 0 1256.088257
0 593 0 1344.951172
0 594 0 1193.644165
0 595 0 1210.456055
0 596 0 1162.422119
0 597 0 1210.456055
0 598 0 1215.259399
0 599 0 1244.079834
0 600 0 1325.737549
0 601 0 1268.096802
0 602 0 1239.276367
0 603 0 1212.857788
0 604 0 1270.498535
0 605 0 1412.198730
0 607 0 1380.976685
0 608 0 1412.198730
0 609 0 1388.181763
0 610 0 1342.549438
0 611 0 1172.028809
0 612 0 1402.591919
0 613 0 1275.301880
0 614 0 1429.010620
0 615 0 1400.190186
0 616 0 1441.019043
0 617 0 1188.840698
0 618 0 1299.318848
0 619 0 1277.703613
0 620 0 1426.608887
0 621 0 1263.293457
0 622 0 1294.515503
0 623 0 1299.318848
0 624 0 1234.473022
0 625 0 1340.147705
0 626 0 1392.985107
0 627 0 1320.934204
0 628 0 1301.720581
0 629 0 1258.489990
0 630 0 1292.113770
0 631 0 1330.541016
0 632 0 1210.456055
0 633 0 1272.900146
0 634 0 1215.259399
0 635 0 1292.113770
0 636 0 1246.481567
0 637 0 1385.780029
0 638 0 1234.473022
0 639 0 1272.900146
0 640 0 1222.464478
0 641 0 1236.874756
0 642 0 1222.464478
0 643 0 1371.369873
0 644 0 1217.661133
0 645 0 1342.549438
0 646 0 1436.215698
0 647 0 1039.935425
0 648 0 1311.327393
0 649 0 1188.840698
0 651 0 1417.002075
0 652 0 1332.942627
0 653 0 1380.976685
0 654 0 1212.857788
0 655 0 1172.028809
0 656 0 1152.815308
0 657 0 1167.225464
0 658 0 1253.686646
0 659 0 1123.994873
0 660 0 1150.413574
0 661 0 1330.541016
0 662 0 1251.284912
0 663 0 1241.678101
0 664 0 1037.533691
0 665 0 1198.447510
0 666 0 1224.866211
0 667 0 1517.873413
0 668 0 1280.105347
0 669 0 1160.020386
0 670 0 1409.796997
0 671 0 1426.608887
0 672 0 1167.225464
0 673 0 1318.532471
0 674 0 1241.678101
0 675 0 1208.054321
0 676 0 1296.917236
0 677 0 1400.190186
0 678 0 1244.079834
0 679 0 1308.925659
0 680 0 1253.686646
0 681 0 1301.720581
0 682 0 1059.149048
0 683 0 1313.729126
0 684 0 1275.301880
0 685 0 1210.456055
0 686 0 1236.874756
0 687 0 1239.276367
0 688 0 1347.352905
0 689 0 1157.618652
0 690 0 1287.310425
0 691 0 1260.891724
0 692 0 1212.857788
0 693 0 1277.703613
0 694 0 1140.806763
0 695 0 1188.840698
0 696 0 1356.959595
0 697 0 1392.985107
0 698 0 1215.259399
0 699 0 1241.678101
0 700 0 1217.661133
0 701 0 1292.113770
0 702 0 1172.028809
0 703 0 1311.327393
0 704 0 1234.473022
0 705 0 1152.815308
0 706 0 1373.771484
0 707 0 1138.405029
0 708 0 1316.130737
0 709 0 1003.909973
0 710 0 1308.925659
0 711 0 1301.720581
0 712 0 1148.011841
0 713 0 1152.815308
0 714 0 1181.635620
0 715 0 1258.489990
0 716 0 1196.045898
0 717 0 1260.891724
0 718 0 1289.712036
0 719 0 1244.079834
0 720 0 1320.934204
0 721 0 1272.900146
0 722 0 1083.166016
0 723 0 1116.789795
0 724 0 1256.088257
0 725 0 1366.566406
0 726 0 1169.627197
0 727 0 1472.241211
0 728 0 1179.234009
0 729 0 1284.908691
0 730 0 1328.139282
0 731 0 1395.386841
0 732 0 1234.473022
0 733 0 1224.866211
0 734 0 1313.729126
0 735 0 1167.225464
0 736 0 1308.925659
0 737 0 1284.908691
0 738 0 1349.754517
0 739 0 1162.422119
0 740 0 1313.729126
0 741 0 1335.344360
0 742 0 1282.506958
0 743 0 1294.515503
0 744 0 1248.883179
0 745 0 1188.840698
0 746 0 1289.712036
0 747 0 1215.259399
0 748 0 1460.232666
0 749 0 1102.379639
0 750 0 1287.310425
0 751 0 1152.815308
0 752 0 1366.566406
0 753 0 1160.020386
0 754 0 1282.506958
0 755 0 1270.498535
0 756 0 1143.208496
0 757 0 1335.344360
0 758 0 1287.310425
0 759 0 1172.028809
0 760 0 1332.942627
0 761 0 1397.788574
0 762 0 1354.557983
0 763 0 1162.422119
0 764 0 1220.062866
0 765 0 1304.122314
0 766 0 1095.174561
0 767 0 1272.900146
0 768 0 1095.174561
0 769 0 1385.780029
0 770 0 1282.506958
0 771 0 1169.627197
0 772 0 1174.430542
0 773 0 1184.037354
0 774 0 1392.985107
0 775 0 1164.823730
0 776 0 1390.583374
0 777 0 1323.335815
0 778 0 1181.635620
0 779 0 1277.703613
0 780 0 1294.515503
0 781 0 1280.105347
0 782 0 1361.763062
0 783 0 1332.942627
0 784 0 1263.293457
0 785 0 1472.241211
0 786 0 1234.473022
0 787 0 1457.830933
0 788 0 1486.651367
0 789 0 1275.301880
0 790 0 1347.352905
0 791 0 1395.386841
0 792 0 1181.635620
0 793 0 1330.541016
0 794 0 1340.147705
0 795 0 1438.617432
0 796 0 1265.695068
0 797 0 1417.002075
0 798 0 1390.583374
0 799 0 1304.122314
0 800 0 1200.849243
0 801 0 1212.857788
0 802 0 1318.532471
0 803 0 1335.344360
0 804 0 1272.900146
0 805 0 1409.796997
0 806 0 1275.301880
0 807 0 1169.627197
0 808 0 1306.523926
0 809 0 1054.345581
0 811 0 1217.661133
0 812 0 1133.601685
0 813 0 1111.986450
0 814 0 1402.591919
0 815 0 1515.471802
0 816 0 1191.242432
0 817 0 1044.738892
0 818 0 1181.635620
0 819 0 1251.284912
0 820 0 1239.276367
0 821 0 1441.019043
0 822 0 1234.473022
0 823 0 1217.661133
0 824 0 1272.900146
0 825 0 1344.951172
0 826 0 1392.985107
0 827 0 1364.164795
0 828 0 1232.071289
0 829 0 1316.130737
0 830 0 1119.191528
0 831 0 1244.079834
0 832 0 1294.515503
0 833 0 1107.182983
0 834 0 1244.079834
0 835 0 1366.566406
0 836 0 1155.216919
0 837 0 1493.856445
0 838 0 1308.925659
0 839 0 1419.403809
0 840 0 1337.746094
0 841 0 1258.489990
0 842 0 1270.498535
0 843 0 1253.686646
0 844 0 1157.618652
0 845 0 1280.105347
0 846 0 1313.729126
0 847 0 1282.506958
0 848 0 1140.806763
0 850 0 1371.369873
0 851 0 1323.335815
0 852 0 1366.566406
0 853 0 1385.780029
0 854 0 1306.523926
0 855 0 1160.020386
0 856 0 1344.951172
0 857 0 1157.618652
0 858 0 1227.267944
0 859 0 1184.037354
0 860 0 1287.310425
0 861 0 1198.447510
0 862 0 1469.839478
0 864 0 1157.618652
0 865 0 1275.301880
0 866 0 1383.378296
0 867 0 1388.181763
0 868 0 1409.796997
0 869 0 1186.439087
0 870 0 1270.498535
0 871 0 1380.976685
0 872 0 1160.020386
0 873 0 1287.310425
0 874 0 1184.037354
0 875 0 1104.781250
0 876 0 1352.156250
0 877 0 1438.617432
0 878 0 1320.934204
0 879 0 1335.344360
0 880 0 1280.105347
0 881 0 1378.574951
0 882 0 1284.908691
0 883 0 1289.712036
0 884 0 1429.010620
0 885 0 1292.113770
0 886 0 1282.506958
0 887 0 1328.139282
0 888 0 1491.454712
0 889 0 1316.130737
0 890 0 1448.224243
0 891 0 1244.079834
0 892 0 1234.473022
0 893 0 1145.610229
0 894 0 1289.712036
0 895 0 1138.405029
0 896 0 1289.712036
0 897 0 1232.071289
0 898 0 1131.199951
0 899 0 1306.523926
0 900 0 1313.729126
0 901 0 1431.412354
0 902 0 1311.327393
0 903 0 1330.541016
0 904 0 1270.498535
0 905 0 1573.112549
0 906 0 1227.267944
0 907 0 1390.583374
0 908 0 1222.464478
0 909 0 1364.164795
0 910 0 1354.557983
0 911 0 1320.934204
0 912 0 1450.625854
0 913 0 1342.549438
0 914 0 1304.122314
0 915 0 1361.763062
0 916 0 1248.883179
0 917 0 1308.925659
0 918 0 1359.361328
0 919 0 1232.071289
0 920 0 1150.413574
0 921 0 1136.003418
0 922 0 1203.250977
0 923 0 1167.225464
0 924 0 1123.994873
0 925 0 1116.789795
0 926 0 1294.515503
0 927 0 1210.456055
0 928 0 1263.293457
0 929 0 1330.541016
0 930 0 1313.729126
0 931 0 1270.498535
0 932 0 1275.301880
0 933 0 1234.473022
0 934 0 1561.104004
0 935 0 1395.386841
0 936 0 1215.259399
0 937 0 1361.763062
0 938 0 1265.695068
0 939 0 1335.344360
0 940 0 1332.942627
0 941 0 1284.908691
0 942 0 1289.712036
0 943 0 1364.164795
0 944 0 1320.934204
0 945 0 1148.011841
0 946 0 1251.284912
0 947 0 1251.284912
0 948 0 1347.352905
0 949 0 1111.986450
0 951 0 1308.925659
0 952 0 1371.369873
0 953 0 1229.669678
0 954 0 1395.386841
0 955 0 1299.318848
0 956 0 1280.105347
0 958 0 1184.037354
0 959 0 1205.652588
0 960 0 1167.225464
0 961 0 1241.678101
0 962 0 1272.900146
0 963 0 1361.763062
0 964 0 1301.720581
0 965 0 1222.464478
0 966 0 1417.002075
0 967 0 1179.234009
0 968 0 1498.659912
0 969 0 1484.249634
0 970 0 1352.156250
0 971 0 1215.259399
0 972 0 1128.798340
0 973 0 1246.481567
0 974 0 1179.234009
0 975 0 1239.276367
0 976 0 1356.959595
0 977 0 1155.216919
0 978 0 1467.437744
0 979 0 1313.729126
0 980 0 1167.225464
0 981 0 1373.771484
0 982 0 1248.883179
0 983 0 1275.301880
0 984 0 1270.498535
0 985 0 1371.369873
0 986 0 1284.908691
0 987 0 1323.335815
0 988 0 1373.771484
0 989 0 1400.190186
0 990 0 1417.002075
0 991 0 1323.335815
0 992 0 1212.857788
0 993 0 1095.174561
0 994 0 1217.661133
0 995 0 1280.105347
0 996 0 1368.968140
0 997 0 1313.729126
0 998 0 1263.293457
0 999 0 1193.644165
0 1000 0 1316.130737
0 1001 0 1275.301880
0 1002 0 1196.045898
0 1003 0 1311.327393
0 1004 0 1292.113770
0 1005 0 1376.173218
0 1006 0 1167.225464
0 1007 0 1330.541016
0 1008 0 1284.908691
0 1009 0 1313.729126
0 1010 0 1354.557983
0 1011 0 1251.284912
0 1012 0 1481.848022
0 1013 0 1392.985107
0 1014 0 1354.557983
0 1016 0 1344.951172
0 1018 0 1337.746094
0 1019 0 1260.891724
0 1021 0 1217.661133
0 1023 0 1193.644165
0 1024 0 1496.258179
0 1025 0 1212.857788
0 1027 0 1232.071289
0 1028 0 1268.096802
0 1029 0 1318.532471
0 1030 0 1450.625854
0 1031 0 1316.130737
0 1032 0 1114.388062
0 1033 0 1294.515503
0 1034 0 1224.866211
0 1035 0 1301.720581
0 1036 0 1342.549438
0 1037 0 1232.071289
0 1038 0 1217.661133
0 1039 0 1392.985107
0 1040 0 1299.318848
0 1041 0 1299.318848
0 1042 0 1241.678101
0 1043 0 1289.712036
0 1044 0 1097.576172
0 1045 0 1152.815308
0 1046 0 1251.284912
0 1047 0 1426.608887
0 1048 0 1325.737549
0 1049 0 1323.335815
0 1050 0 1083.166016
0 1051 0 1174.430542
0 1052 0 1157.618652
0 1053 0 1280.105347
0 1054 0 1253.686646
0 1055 0 1272.900146
0 1056 0 1256.088257
0 1057 0 1395.386841
0 1058 0 1342.549438
0 1059 0 1457.830933
0 1060 0 1361.763062
0 1061 0 1385.780029
0 1062 0 1222.464478
0 1064 0 1287.310425
0 1065 0 1174.430542
0 1066 0 1244.079834
0 1068 0 1136.003418
0 1069 0 1311.327393
0 1070 0 1277.703613
0 1071 0 1272.900146
0 1072 0 1212.857788
0 1073 0 1205.652588
0 1074 0 1359.361328
0 1075 0 1160.020386
0 1076 0 1275.301880
0 1077 0 1063.952393
0 1078 0 1277.703613
0 1079 0 1006.311646
0 1080 0 1217.661133
0 1081 0 1160.020386
0 1082 0 1164.823730
0 1083 0 1304.122314
0 1084 0 1421.805542
0 1085 0 1172.028809
0 1086 0 1253.686646
0 1087 0 1275.301880
0 1088 0 1433.813965
0 1089 0 1270.498535
0 1090 0 1457.830933
0 1091 0 1289.712036
0 1092 0 1251.284912
0 1093 0 1508.266602
0 1094 0 1284.908691
0 1095 0 1275.301880
0 1096 0 1172.028809
0 1097 0 1277.703613
0 1098 0 1354.557983
0 1099 0 1210.456055
0 1100 0 1296.917236
0 1101 0 1236.874756
0 1102 0 1419.403809
0 1103 0 1378.574951
0 1104 0 1296.917236
0 1105 0 1220.062866
0 1107 0 1244.079834
0 1108 0 1284.908691
0 1109 0 1443.420776
0 1110 0 1208.054321
0 1111 0 1270.498535
0 1112 0 1143.208496
0 1113 0 1212.857788
0 1114 0 1368.968140
0 1115 0 1227.267944
0 1116 0 1215.259399
0 1117 0 1289.712036
0 1118 0 1244.079834
0 1119 0 1167.225464
0 1120 0 1263.293457
0 1121 0 1325.737549
0 1122 0 1191.242432
0 1123 0 1417.002075
0 1124 0 1515.471802
0 1125 0 1263.293457
0 1126 0 1376.173218
0 1127 0 1412.198730
0 1128 0 1220.062866
0 1129 0 1395.386841
0 1131 0 1368.968140
0 1132 0 1203.250977
0 1133 0 1364.164795
0 1134 0 1275.301880
0 1135 0 1164.823730
0 1136 0 1020.721863
0 1137 0 1332.942627
0 1138 0 1232.071289
0 1139 0 1176.832275
0 1140 0 1145.610229
0 1141 0 1066.354126
0 1142 0 1287.310425
0 1143 0 1289.712036
0 1144 0 1152.815308
0 1145 0 1268.096802
0 1146 0 1215.259399
0 1147 0 1304.122314
0 1148 0 1186.439087
0 1149 0 1078.362671
0 1150 0 1123.994873
0 1151 0 1085.567749
0 1152 0 1282.506958
0 1153 0 1179.234009
0 1154 0 1383.378296
0 1155 0 1342.549438
0 1156 0 1210.456055
0 1157 0 1294.515503
0 1159 0 1337.746094
0 1160 0 1239.276367
0 1161 0 1193.644165
0 1162 0 1325.737549
0 1163 0 1198.447510
0 1164 0 1193.644165
0 1165 0 1402.591919
0 1166 0 1087.969360
0 1167 0 1253.686646
0 1168 0 1244.079834
0 1169 0 1236.874756
0 1170 0 1097.576172
0 1171 0 1294.515503
0 1172 0 1287.310425
0 1173 0 1275.301880
0 1174 0 1280.105347
0 1175 0 1320.934204
0 1176 0 1212.857788
0 1177 0 1148.011841
0 1178 0 1239.276367
0 1179 0 1325.737549
0 1180 0 1176.832275
0 1181 0 1337.746094
0 1182 0 1155.216919
0 1183 0 1304.122314
0 1184 0 1270.498535
0 1185 0 1284.908691
0 1186 0 1220.062866
0 1187 0 1104.781250
0 1188 0 1388.181763
0 1189 0 1244.079834
0 1190 0 1311.327393
0 1191 0 1421.805542
0 1192 0 1143.208496
0 1193 0 1196.045898
0 1194 0 1361.763062
0 1195 0 1407.395264
0 1196 0 1373.771484
0 1197 0 1323.335815
0 1198 0 1383.378296
0 1199 0 1378.574951
0 1200 0 1222.464478
0 1201 0 1325.737549
0 1202 0 1169.627197
0 1203 0 1260.891724
0 1204 0 1484.249634
0 1205 0 1191.242432
0 1206 0 1337.746094
0 1207 0 1448.224243
0 1208 0 1208.054321
0 1209 0 1193.644165
0 1210 0 1392.985107
0 1211 0 1431.412354
0 1212 0 1116.789795
0 1213 0 1371.369873
0 1214 0 1373.771484
0 1215 0 1378.574951
0 1216 0 1292.113770
0 1217 0 1186.439087
0 1218 0 1292.113770
0 1219 0 1332.942627
0 1220 0 1306.523926
0 1221 0 1352.156250
0 1222 0 1294.515503
0 1223 0 1373.771484
0 1224 0 1020.721863
0 1225 0 1203.250977
0 1226 0 1083.166016
0 1227 0 1275.301880
0 1228 0 1186.439087
0 1229 0 1289.712036
0 1230 0 1385.780029
0 1231 0 1284.908691
0 1232 0 1248.883179
0 1233 0 1236.874756
0 1234 0 1241.678101
0 1235 0 1172.028809
0 1236 0 1148.011841
0 1237 0 1390.583374
0 1238 0 1349.754517
0 1239 0 1316.130737
0 1240 0 1467.437744
0 1241 0 1349.754517
0 1242 0 1294.515503
0 1243 0 1296.917236
0 1244 0 1284.908691
0 1245 0 1277.703613
0 1246 0 1248.883179
0 1247 0 1304.122314
0 1248 0 1311.327393
0 1249 0 1323.335815
0 1250 0 924.653931
0 1251 0 1157.618652
0 1252 0 1162.422119
0 1253 0 1217.661133
0 1254 0 1164.823730
0 1255 0 1184.037354
0 1256 0 1227.267944
0 1257 0 1075.960938
0 1258 0 1270.498535
0 1259 0 1220.062866
0 1260 0 1520.275146
0 1261 0 1311.327393
0 1262 0 1119.191528
0 1263 0 1198.447510
0 1264 0 1268.096802
0 1265 0 1200.849243
0 1266 0 1148.011841
0 1267 0 1304.122314
0 1268 0 1126.396606
0 1269 0 1150.413574
0 1270 0 1164.823730
0 1271 0 1107.182983
0 1272 0 1188.840698
0 1273 0 1123.994873
0 1274 0 1203.250977
0 1275 0 1318.532471
0 1276 0 1150.413574
0 1277 0 1198.447510
0 1278 0 1340.147705
0 1279 0 1176.832275
0 1280 0 1181.635620
0 1281 0 1332.942627
0 1282 0 1246.481567
0 1283 0 1150.413574
0 1284 0 1349.754517
0 1285 0 1232.071289
0 1286 0 1244.079834
0 1287 0 1227.267944
0 1288 0 1123.994873
0 1289 0 1275.301880
0 1290 0 1157.618652
0 1291 0 1318.532471
0 1292 0 1253.686646
0 1293 0 1152.815308
0 1294 0 1073.559204
0 1295 0 1138.405029
0 1296 0 1361.763062
0 1297 0 1248.883179
0 1298 0 1107.182983
0 1299 0 1361.763062
0 1300 0 1097.576172
0 1301 0 1123.994873
0 1302 0 1140.806763
0 1303 0 1313.729126
0 1304 0 1121.593140
0 1305 0 1042.337158
0 1306 0 1361.763062
0 1307 0 1301.720581
0 1308 0 1102.379639
0 1309 0 1397.788574
0 1310 0 1462.634399
0 1311 0 1344.951172
0 1312 0 1229.669678
0 1313 0 1157.618652
0 1314 0 1241.678101
0 1315 0 1356.959595
0 1316 0 1390.583374
0 1317 0 1340.147705
0 1318 0 1304.122314
0 1319 0 1224.866211
0 1320 0 1304.122314
0 1321 0 1145.610229
0 1322 0 1287.310425
0 1323 0 1258.489990
0 1324 0 1205.652588
0 1325 0 1251.284912
0 1326 0 1260.891724
0 1327 0 1419.403809
0 1328 0 1368.968140
0 1329 0 1352.156250
0 1330 0 1191.242432
0 1331 0 1383.378296
0 1332 0 1258.489990
0 1333 0 1308.925659
0 1334 0 1217.661133
0 1335 0 1260.891724
0 1337 0 1184.037354
0 1338 0 1215.259399
0 1339 0 1299.318848
0 1340 0 1140.806763
0 1341 0 1042.337158
0 1342 0 1222.464478
0 1343 0 1270.498535
0 1344 0 1203.250977
0 1345 0 1220.062866
0 1346 0 1256.088257
0 1347 0 1217.661133
0 1348 0 1200.849243
0 1349 0 1407.395264
0 1350 0 1169.627197
0 1351 0 1251.284912
0 1352 0 1220.062866
0 1353 0 1313.729126
0 1354 0 1417.002075
0 1355 0 1337.746094
0 1356 0 1359.361328
0 1357 0 1277.703613
0 1358 0 1268.096802
0 1359 0 1203.250977
0 1360 0 1385.780029
0 1361 0 1200.849243
0 1362 0 1347.352905
0 1363 0 1075.960938
0 1364 0 1191.242432
0 1365 0 1145.610229
0 1366 0 1275.301880
0 1367 0 1193.644165
0 1368 0 1280.105347
0 1369 0 1203.250977
0 1370 0 1299.318848
0 1371 0 1205.652588
0 1372 0 1239.276367
0 1373 0 1301.720581
0 1374 0 1385.780029
0 1375 0 1340.147705
0 1376 0 1429.010620
0 1377 0 1239.276367
0 1378 0 1131.199951
0 1379 0 1431.412354
0 1380 0 1448.224243
0 1381 0 1155.216919
0 1382 0 1236.874756
0 1383 0 1215.259399
0 1384 0 1301.720581
0 1385 0 1150.413574
0 1386 0 1210.456055
0 1387 0 1323.335815
0 1388 0 1200.849243
0 1390 0 1383.378296
0 1391 0 1265.695068
0 1392 0 1337.746094
0 1393 0 1236.874756
0 1394 0 1316.130737
0 1395 0 1215.259399
0 1396 0 1356.959595
0 1397 0 1404.993652
0 1398 0 1270.498535
0 1399 0 1289.712036
0 1400 0 1145.610229
0 1401 0 1328.139282
0 1402 0 1236.874756
0 1403 0 1376.173218
0 1404 0 1277.703613
0 1405 0 1397.788574
0 1406 0 1224.866211
0 1407 0 1344.951172
0 1408 0 1320.934204
0 1409 0 1198.447510
0 1410 0 1337.746094
0 1411 0 1361.763062
0 1412 0 1587.522705
0 1413 0 1284.908691
0 1414 0 1083.166016
0 1415 0 1368.968140
0 1416 0 1299.318848
0 1417 0 1157.618652
0 1418 0 1184.037354
0 1419 0 1366.566406
0 1420 0 1282.506958
0 1421 0 1366.566406
0 1422 0 1272.900146
0 1423 0 1558.702271
0 1424 0 1208.054321
0 1425 0 1426.608887
0 1426 0 1380.976685
0 1427 0 1388.181763
0 1428 0 1210.456055
0 1429 0 1258.489990
0 1430 0 1520.275146
0 1431 0 1220.062866
0 1432 0 1210.456055
0 1433 0 1330.541016
0 1434 0 1248.883179
0 1435 0 1385.780029
0 1436 0 1388.181763
0 1437 0 1246.481567
0 1438 0 1203.250977
0 1439 0 1128.798340
0 1440 0 1143.208496
0 1441 0 1397.788574
0 1442 0 1256.088257
0 1443 0 1208.054321
0 1444 0 1200.849243
0 1445 0 1280.105347
0 1446 0 1347.352905
0 1447 0 1234.473022
0 1448 0 1282.506958
0 1449 0 1215.259399
0 1450 0 1388.181763
0 1451 0 1328.139282
0 1452 0 1260.891724
0 1453 0 1352.156250
0 1454 0 1272.900146
0 1455 0 1460.232666
0 1456 0 1212.857788
0 1457 0 1265.695068
0 1458 0 1421.805542
0 1459 0 1337.746094
0 1460 0 1337.746094
0 1461 0 1359.361328
0 1462 0 1332.942627
0 1463 0 1236.874756
0 1465 0 1268.096802
0 1466 0 1354.557983
0 1467 0 1198.447510
0 1468 0 1270.498535
0 1469 0 1313.729126
0 1470 0 1210.456055
0 1471 0 1364.164795
0 1472 0 1265.695068
0 1473 0 1061.550781
0 1474 0 1160.020386
0 1475 0 1212.857788
0 1476 0 1229.669678
0 1477 0 1191.242432
0 1478 0 1217.661133
0 1479 0 1239.276367
0 1480 0 1534.685303
0 1481 0 1368.968140
0 1482 0 1383.378296
0 1483 0 1244.079834
0 1484 0 1244.079834
0 1485 0 1318.532471
0 1486 0 1330.541016
0 1487 0 1462.634399
0 1488 0 1248.883179
0 1489 0 1356.959595
0 1490 0 1313.729126
0 1491 0 1215.259399
0 1492 0 1484.249634
0 1493 0 1429.010620
0 1494 0 1378.574951
0 1495 0 1248.883179
0 1496 0 1294.515503
0 1497 0 1400.190186
0 1498 0 1404.993652
0 1499 0 1253.686646
0 1500 0 1299.318848
0 1501 0 1359.361328
0 1502 0 1208.054321
0 1503 0 1251.284912
0 1504 0 1210.456055
0 1505 0 1232.071289
0 1506 0 1325.737549
0 1507 0 1296.917236
0 1508 0 1227.267944
0 1509 0 1342.549438
0 1510 0 1332.942627
0 1511 0 1404.993652
0 1512 0 1306.523926
0 1513 0 1376.173218
0 1514 0 1342.549438
0 1515 0 1308.925659
0 1516 0 1284.908691
0 1517 0 1208.054321
0 1518 0 1366.566406
0 1519 0 1268.096802
0 1520 0 1114.388062
0 1521 0 1248.883179
0 1522 0 1352.156250
0 1523 0 1224.866211
0 1524 0 1299.318848
0 1525 0 1263.293457
0 1526 0 1328.139282
0 1527 0 1198.447510
0 1528 0 1260.891724
0 1530 0 1236.874756
0 1531 0 1340.147705
0 1532 0 1284.908691
0 1533 0 1337.746094
0 1534 0 1304.122314
0 1535 0 1275.301880
0 1536 0 1241.678101
0 1537 0 1400.190186
0 1538 0 1335.344360
0 1539 0 1167.225464
0 1540 0 1222.464478
0 1541 0 1217.661133
0 1542 0 1361.763062
0 1543 0 1318.532471
0 1544 0 1289.712036
0 1546 0 1417.002075
0 1547 0 1164.823730
0 1549 0 1203.250977
0 1550 0 1388.181763
0 1551 0 1392.985107
0 1552 0 1332.942627
0 1553 0 1417.002075
0 1554 0 1140.806763
0 1555 0 1313.729126
0 1556 0 1056.747314
0 1557 0 1503.463257
0 1558 0 1529.881958
0 1559 0 1400.190186
0 1560 0 1128.798340
0 1561 0 1301.720581
0 1562 0 1330.541016
0 1563 0 1486.651367
0 1564 0 1304.122314
0 1565 0 1205.652588
0 1566 0 1251.284912
0 1567 0 1292.113770
0 1568 0 1414.600464
0 1569 0 1277.703613
0 1570 0 1477.044556
0 1571 0 1553.898926
0 1572 0 1323.335815
0 1574 0 1174.430542
0 1575 0 1380.976685
0 1576 0 1196.045898
0 1577 0 1340.147705
0 1578 0 1256.088257
0 1579 0 1380.976685
0 1580 0 1232.071289
0 1581 0 1193.644165
0 1582 0 1409.796997
0 1583 0 1258.489990
0 1584 0 1212.857788
0 1585 0 1090.371094
0 1586 0 1253.686646
0 1587 0 1224.866211
0 1588 0 1383.378296
0 1589 0 1150.413574
0 1590 0 1268.096802
0 1592 0 1241.678101
0 1593 0 1344.951172
0 1594 0 1251.284912
0 1595 0 1407.395264
0 1596 0 1227.267944
0 1597 0 1212.857788
0 1598 0 1152.815308
0 1599 0 1256.088257
0 1600 0 1282.506958
0 1601 0 1184.037354
0 1602 0 1256.088257
0 1603 0 1292.113770
0 1604 0 1181.635620
0 1605 0 1402.591919
0 1606 0 1080.764282
0 1607 0 1270.498535
0 1608 0 1404.993652
0 1609 0 1210.456055
0 1610 0 1152.815308
0 1611 0 1366.566406
0 1613 0 1421.805542
0 1614 0 1397.788574
0 1615 0 1188.840698
0 1616 0 1380.976685
0 1618 0 1246.481567
0 1619 0 1208.054321
0 1620 0 1246.481567
0 1621 0 1344.951172
0 1622 0 1354.557983
0 1623 0 1181.635620
0 1624 0 1280.105347
0 1625 0 1356.959595
0 1626 0 1184.037354
0 1627 0 1448.224243
0 1628 0 1284.908691
0 1629 0 1407.395264
0 1630 0 1188.840698
0 1631 0 1313.729126
0 1632 0 1323.335815
0 1633 0 1241.678101
0 1634 0 1378.574951
0 1635 0 1268.096802
0 1636 0 1313.729126
0 1637 0 1277.703613
0 1638 0 1443.420776
0 1639 0 1253.686646
0 1640 0 1328.139282
0 1641 0 1063.952393
0 1642 0 1148.011841
0 1643 0 1306.523926
0 1644 0 1294.515503
0 1645 0 1366.566406
0 1646 0 1318.532471
0 1647 0 1152.815308
0 1648 0 1308.925659
0 1649 0 1412.198730
0 1650 0 1479.446289
0 1651 0 1404.993652
0 1652 0 1301.720581
0 1653 0 1445.822510
0 1654 0 1414.600464
0 1656 0 1585.120972
0 1657 0 1368.968140
0 1658 0 1356.959595
0 1659 0 1404.993652
0 1660 0 1275.301880
0 1661 0 1244.079834
0 1662 0 1364.164795
0 1663 0 1323.335815
0 1664 0 1236.874756
0 1665 0 1289.712036
0 1666 0 1412.198730
0 1667 0 1308.925659
0 1668 0 1282.506958
0 1669 0 1436.215698
0 1670 0 1148.011841
0 1672 0 1496.258179
0 1673 0 1477.044556
0 1674 0 1402.591919
0 1675 0 1448.224243
0 1676 0 1349.754517
0 1677 0 1155.216919
0 1678 0 1395.386841
0 1679 0 1316.130737
0 1680 0 1390.583374
0 1681 0 1364.164795
0 1682 0 1308.925659
0 1683 0 1414.600464
0 1684 0 1457.830933
0 1685 0 1342.549438
0 1686 0 1481.848022
0 1687 0 1325.737549
0 1688 0 1210.456055
0 1689 0 1450.625854
0 1690 0 1268.096802
0 1691 0 1349.754517
0 1692 0 1424.207153
0 1693 0 1371.369873
0 1694 0 1188.840698
0 1695 0 1284.908691
0 1696 0 1344.951172
0 1697 0 1277.703613
0 1698 0 1462.634399
0 1700 0 1323.335815
0 1701 0 1174.430542
0 1702 0 1287.310425
0 1703 0 1347.352905
0 1704 0 1265.695068
0 1705 0 1126.396606
0 1706 0 1364.164795
0 1707 0 1426.608887
0 1709 0 1229.669678
0 1710 0 1304.122314
0 1711 0 1380.976685
0 1712 0 1296.917236
0 1713 0 1268.096802
0 1714 0 1450.625854
0 1715 0 1222.464478
0 1716 0 1301.720581
0 1717 0 1311.327393
0 1718 0 1304.122314
0 1719 0 1613.941406
0 1720 0 1289.712036
0 1721 0 1275.301880
0 1722 0 1210.456055
0 1723 0 1272.900146
0 1724 0 1313.729126
0 1725 0 1301.720581
0 1726 0 1421.805542
0 1727 0 1241.678101
0 1728 0 1220.062866
0 1729 0 1054.345581
0 1731 0 1270.498535
0 1732 0 1308.925659
0 1733 0 1373.771484
0 1734 0 1407.395264
0 1735 0 1104.781250
0 1736 0 1407.395264
0 1737 0 1205.652588
0 1738 0 1284.908691
0 1739 0 1349.754517
0 1740 0 1186.439087
0 1741 0 1232.071289
0 1742 0 1215.259399
0 1743 0 1340.147705
0 1744 0 1220.062866
0 1745 0 1275.301880
0 1746 0 1203.250977
0 1747 0 1455.429321
0 1748 0 1356.959595
0 1749 0 1404.993652
0 1750 0 1229.669678
0 1751 0 1462.634399
0 1752 0 1256.088257
0 1753 0 1222.464478
0 1754 0 1412.198730
0 1755 0 1304.122314
0 1756 0 1364.164795
0 1757 0 1330.541016
0 1758 0 1397.788574
0 1759 0 1484.249634
0 1760 0 1212.857788
0 1761 0 1299.318848
0 1762 0 1284.908691
0 1763 0 1111.986450
0 1764 0 1222.464478
0 1765 0 1205.652588
0 1766 0 1217.661133
0 1767 0 1320.934204
0 1768 0 1292.113770
0 1769 0 1256.088257
0 1770 0 1368.968140
0 1771 0 1306.523926
0 1772 0 1220.062866
0 1773 0 1172.028809
0 1774 0 1109.584717
0 1775 0 1412.198730
0 1776 0 1453.027588
0 1777 0 1342.549438
0 1778 0 1364.164795
0 1779 0 1256.088257
0 1780 0 1251.284912
0 1781 0 1332.942627
0 1782 0 1051.943970
0 1783 0 1388.181763
0 1784 0 1193.644165
0 1785 0 1392.985107
0 1786 0 1239.276367
0 1787 0 1417.002075
0 1788 0 1196.045898
0 1789 0 1234.473022
0 1790 0 1378.574951
0 1791 0 1099.977905
0 1792 0 1256.088257
0 1793 0 1402.591919
0 1794 0 1364.164795
0 1795 0 1328.139282
0 1796 0 1239.276367
0 1797 0 1222.464478
0 1798 0 1253.686646
0 1799 0 1316.130737
0 1800 0 1296.917236
0 1801 0 1253.686646
0 1802 0 1344.951172
0 1803 0 1311.327393
0 1804 0 1313.729126
0 1805 0 1109.584717
0 1806 0 1376.173218
0 1807 0 1313.729126
0 1808 0 1313.729126
0 1809 0 1316.130737
0 1810 0 1330.541016
0 1811 0 1304.122314
0 1812 0 1320.934204
0 1813 0 1244.079834
0 1814 0 1208.054321
0 1815 0 1371.369873
0 1816 0 1453.027588
0 1817 0 1133.601685
0 1818 0 1167.225464
0 1819 0 1417.002075
0 1820 0 1164.823730
0 1821 0 1268.096802
0 1823 0 1251.284912
0 1824 0 1311.327393
0 1825 0 1354.557983
0 1826 0 1390.583374
0 1827 0 1109.584717
0 1828 0 1277.703613
0 1829 0 1277.703613
0 1830 0 1210.456055
0 1831 0 1169.627197
0 1832 0 1328.139282
0 1834 0 1270.498535
0 1835 0 1328.139282
0 1836 0 1330.541016
0 1837 0 1292.113770
0 1838 0 1409.796997
0 1839 0 1352.156250
0 1840 0 1236.874756
0 1841 0 1366.566406
0 1843 0 1275.301880
0 1844 0 1280.105347
0 1845 0 1181.635620
0 1846 0 1318.532471
0 1847 0 1289.712036
0 1848 0 1421.805542
0 1849 0 1455.429321
0 1850 0 1316.130737
0 1851 0 1215.259399
0 1852 0 1251.284912
0 1853 0 1236.874756
0 1854 0 1489.053101
0 1856 0 1212.857788
0 1857 0 1306.523926
0 1858 0 1277.703613
0 1859 0 1412.198730
0 1861 0 1229.669678
0 1862 0 1323.335815
0 1863 0 1318.532471
0 1864 0 1313.729126
0 1865 0 1395.386841
0 1866 0 1241.678101
0 1867 0 1503.463257
0 1868 0 1364.164795
0 1869 0 1328.139282
0 1870 0 1414.600464
0 1871 0 1270.498535
0 1872 0 1167.225464
0 1873 0 1332.942627
0 1874 0 1438.617432
0 1876 0 1320.934204
0 1877 0 1373.771484
0 1878 0 1337.746094
0 1879 0 1220.062866
0 1880 0 1169.627197
0 1881 0 1277.703613
0 1882 0 1241.678101
0 1883 0 1234.473022
0 1884 0 1455.429321
0 1885 0 1340.147705
0 1886 0 1491.454712
0 1887 0 1256.088257
0 1888 0 1176.832275
0 1889 0 1244.079834
0 1890 0 1181.635620
0 1891 0 1260.891724
0 1892 0 1289.712036
0 1893 0 1179.234009
0 1894 0 1229.669678
0 1895 0 1198.447510
0 1896 0 1212.857788
0 1897 0 1294.515503
0 1898 0 1111.986450
0 1899 0 1222.464478
0 1900 0 1380.976685
0 1901 0 1292.113770
0 1902 0 1160.020386
0 1903 0 1116.789795
0 1904 0 1263.293457
0 1905 0 1217.661133
0 1906 0 1212.857788
0 1907 0 1282.506958
0 1908 0 1335.344360
0 1909 0 1280.105347
0 1911 0 1244.079834
0 1912 0 1236.874756
0 1913 0 1205.652588
0 1914 0 1155.216919
0 1915 0 1251.284912
0 1916 0 1241.678101
0 1917 0 1311.327393
0 1918 0 1354.557983
0 1919 0 1236.874756
0 1920 0 1174.430542
0 1921 0 1051.943970
0 1922 0 1198.447510
0 1923 0 1426.608887
0 1924 0 1051.943970
0 1926 0 1099.977905
0 1927 0 1294.515503
0 1928 0 1109.584717
0 1929 0 1215.259399
0 1930 0 1143.208496
0 1931 0 1244.079834
0 1932 0 1143.208496
0 1933 0 1205.652588
0 1934 0 1368.968140
0 1935 0 1311.327393
0 1936 0 1188.840698
0 1937 0 1414.600464
0 1938 0 1256.088257
0 1939 0 1128.798340
0 1940 0 1232.071289
0 1941 0 1289.712036
0 1942 0 1224.866211
0 1944 0 1294.515503
0 1945 0 1265.695068
0 1946 0 1344.951172
0 1947 0 1320.934204
0 1948 0 1462.634399
0 1949 0 1220.062866
0 1951 0 1241.678101
0 1952 0 1253.686646
0 1953 0 1313.729126
0 1954 0 1308.925659
0 1955 0 1397.788574
0 1956 0 1441.019043
0 1957 0 1193.644165
0 1958 0 1239.276367
0 1959 0 1397.788574
0 1960 0 1140.806763
0 1961 0 1342.549438
0 1962 0 1409.796997
0 1963 0 1215.259399
0 1964 0 1364.164795
0 1965 0 1212.857788
0 1966 0 1356.959595
0 1967 0 1364.164795
0 1968 0 1320.934204
0 1970 0 1335.344360
0 1971 0 1385.780029
0 1972 0 1392.985107
0 1973 0 1292.113770
0 1974 0 1308.925659
0 1975 0 1282.506958
0 1976 0 1366.566406
0 1977 0 1217.661133
0 1978 0 1191.242432
0 1979 0 1320.934204
0 1980 0 1284.908691
0 1981 0 1263.293457
0 1982 0 1349.754517
0 1983 0 1248.883179
0 1984 0 1318.532471
0 1985 0 1392.985107
0 1986 0 1268.096802
0 1987 0 1304.122314
0 1988 0 1378.574951
0 1989 0 1246.481567
0 1990 0 1232.071289
0 1991 0 1203.250977
0 1992 0 1426.608887
0 1993 0 1275.301880
0 1994 0 1340.147705
0 1995 0 1368.968140
0 1996 0 1227.267944
0 1997 0 1277.703613
0 1998 0 1332.942627
0 1999 0 1383.378296
0 2000 0 1136.003418
0 2001 0 1270.498535
0 2002 0 1361.763062
0 2003 0 1191.242432
0 2004 0 1296.917236
0 2005 -1 67.247559
0 2006 0 1203.250977
0 2007 0 1136.003418
0 2008 0 1256.088257
0 2009 0 1184.037354
0 2010 0 1342.549438
0 2011 0 1301.720581
0 2012 0 1265.695068
0 2013 0 1272.900146
0 2014 0 1294.515503
0 2015 0 1318.532471
0 2016 0 1352.156250
0 2017 0 1344.951172
0 2018 0 1241.678101
0 2019 0 1479.446289
0 2020 0 1241.678101
0 2021 0 1263.293457
0 2022 0 1304.122314
0 2023 0 1198.447510
0 2024 0 1287.310425
0 2025 0 1205.652588
0 2026 0 1227.267944
0 2027 0 1172.028809
0 2028 0 1162.422119
0 2030 0 1270.498535
0 2031 0 1373.771484
0 2032 0 1143.208496
0 2033 0 1107.182983
0 2034 0 1087.969360
0 2035 0 1371.369873
0 2036 0 1164.823730
0 2037 0 1239.276367
0 2038 0 1102.379639
0 2039 0 1092.772827
0 2040 0 1148.011841
0 2041 0 1284.908691
0 2042 0 1344.951172
0 2043 0 1332.942627
0 2044 0 1265.695068
0 2045 0 1222.464478
0 2046 0 1306.523926
0 2047 0 1296.917236
0 2048 0 1212.857788
0 2049 0 1400.190186
0 2050 0 1313.729126
0 2051 0 1275.301880
0 2052 0 1356.959595
0 2053 0 1352.156250
0 2054 0 1210.456055
0 2055 0 1265.695068
0 2056 0 1268.096802
0 2057 0 1299.318848
0 2058 0 1328.139282
0 2059 0 1227.267944
0 2060 0 1284.908691
0 2061 0 1325.737549
0 2062 0 1229.669678
0 2064 0 1280.105347
0 2065 0 1409.796997
0 2066 0 1244.079834
0 2067 0 1311.327393
0 2068 0 1292.113770
0 2069 0 1284.908691
0 2070 0 1366.566406
0 2071 0 1392.985107
0 2072 0 1164.823730
0 2073 0 1311.327393
0 2074 0 1277.703613
0 2075 0 1388.181763
0 2077 0 1268.096802
0 2078 0 1265.695068
0 2079 0 1179.234009
0 2080 0 1289.712036
0 2081 0 1296.917236
0 2083 0 1138.405029
0 2084 0 1126.396606
0 2085 0 1123.994873
0 2086 0 1208.054321
0 2087 0 1203.250977
0 2088 0 1188.840698
0 2089 0 1184.037354
0 2090 0 1304.122314
0 2091 0 1172.028809
0 2093 0 1306.523926
0 2094 0 1308.925659
0 2095 0 1313.729126
0 2096 0 1244.079834
0 2097 0 1443.420776
0 2098 0 1193.644165
0 2099 0 1272.900146
0 2101 0 1282.506958
0 2102 0 1198.447510
0 2104 0 1248.883179
0 2105 0 1335.344360
0 2106 0 1385.780029
0 2107 0 1313.729126
0 2108 0 1371.369873
0 2109 0 1256.088257
0 2110 0 1424.207153
0 2111 0 1349.754517
0 2112 0 1107.182983
0 2113 0 1325.737549
0 2114 0 1224.866211
0 2115 0 1306.523926
0 2116 0 1352.156250
0 2117 0 1344.951172
0 2118 0 1150.413574
0 2119 0 1284.908691
0 2120 0 1128.798340
0 2121 0 1306.523926
0 2122 0 999.106567
0 2123 0 1188.840698
0 2124 0 1390.583374
0 2125 0 1172.028809
0 2126 0 1244.079834
0 2127 0 1270.498535
0 2128 0 1296.917236
0 2129 0 1438.617432
0 2130 0 1325.737549
0 2131 0 1306.523926
0 2132 0 1349.754517
0 2133 0 1253.686646
0 2134 0 1390.583374
0 2135 0 1306.523926
0 2136 0 1292.113770
0 2138 0 1294.515503
0 2139 0 1296.917236
0 2140 0 1400.190186
0 2141 0 1227.267944
0 2142 0 1203.250977
0 2143 0 1239.276367
0 2144 0 1380.976685
0 2145 0 1356.959595
0 2146 0 1222.464478
0 2147 0 1335.344360
0 2149 0 1361.763062
0 2150 0 1308.925659
0 2152 0 1306.523926
0 2153 0 1359.361328
0 2154 0 1157.618652
0 2155 0 1272.900146
0 2156 0 1270.498535
0 2157 0 1263.293457
0 2158 0 1330.541016
0 2159 0 1361.763062
0 2160 0 1236.874756
0 2161 0 1277.703613
0 2162 0 1239.276367
0 2163 0 1239.276367
0 2164 0 1385.780029
0 2165 0 1318.532471
0 2166 0 1256.088257
0 2167 0 1143.208496
0 2168 0 1270.498535
0 2169 0 1232.071289
0 2170 0 1325.737549
0 2171 0 1383.378296
0 2172 0 1301.720581
0 2173 0 1645.163452
0 2174 0 1344.951172
0 2175 0 1270.498535
0 2176 0 1412.198730
0 2177 0 1340.147705
0 2178 0 1397.788574
0 2179 0 1311.327393
0 2180 0 1188.840698
0 2181 0 1364.164795
0 2182 0 1404.993652
0 2183 0 1344.951172
0 2184 0 1203.250977
0 2185 0 1352.156250
0 2186 0 1198.447510
0 2187 0 1417.002075
0 2189 0 1282.506958
0 2190 0 1270.498535
0 2191 0 1352.156250
0 2192 0 1179.234009
0 2193 0 1320.934204
0 2194 0 991.901489
0 2195 0 1412.198730
0 2196 0 1253.686646
0 2197 0 1366.566406
0 2198 0 1501.061523
0 2199 0 1419.403809
0 2200 0 1361.763062
0 2201 0 1366.566406
0 2203 0 1325.737549
0 2205 0 1347.352905
0 2206 0 1328.139282
0 2207 0 1419.403809
0 2208 0 1400.190186
0 2209 0 1241.678101
0 2211 0 1325.737549
0 2212 0 1344.951172
0 2213 0 1376.173218
0 2214 0 1325.737549
0 2215 0 1263.293457
0 2217 0 1402.591919
0 2218 0 1330.541016
0 2219 0 1325.737549
0 2220 0 1481.848022
0 2221 0 1222.464478
0 2222 0 1409.796997
0 2223 0 1174.430542
0 2224 0 1258.489990
0 2225 0 1258.489990
0 2226 0 1330.541016
0 2227 0 1236.874756
0 2228 0 1003.909973
0 2230 0 1215.259399
0 2231 0 1191.242432
0 2232 0 1157.618652
0 2233 0 1306.523926
0 2234 0 1087.969360
0 2235 0 1330.541016
0 2236 0 1234.473022
0 2237 0 1597.129517
0 2238 0 1373.771484
0 2239 0 1059.149048
0 2240 0 1301.720581
0 2242 0 1248.883179
0 2243 0 1587.522705
0 2244 0 1167.225464
0 2245 0 1301.720581
0 2246 0 1354.557983
0 2248 0 1244.079834
0 2249 0 1232.071289
0 2251 0 1210.456055
0 2252 0 1008.713379
0 2255 0 1203.250977
0 2256 0 1222.464478
0 2257 0 1205.652588
0 2258 0 1318.532471
0 2259 0 1244.079834
0 2260 0 1337.746094
0 2261 0 1301.720581
0 2262 0 1306.523926
0 2263 0 1340.147705
0 2265 0 1313.729126
0 2266 0 1157.618652
0 2267 0 1380.976685
0 2268 0 1301.720581
0 2269 0 1328.139282
0 2270 0 1277.703613
0 2271 0 1364.164795
0 2272 0 1342.549438
0 2273 0 1270.498535
0 2274 0 1258.489990
0 2275 0 1272.900146
0 2276 0 1320.934204
0 2277 0 1268.096802
0 2278 0 1191.242432
0 2279 0 1030.328613
0 2280 0 1191.242432
0 2281 0 1224.866211
0 2282 0 1172.028809
0 2283 0 1140.806763
0 2284 0 1200.849243
0 2285 0 1299.318848
0 2287 0 1164.823730
0 2288 0 1150.413574
0 2289 0 1025.525269
0 2290 0 1301.720581
0 2291 0 1325.737549
0 2292 0 1260.891724
0 2294 0 1277.703613
0 2295 0 1193.644165
0 2296 0 1395.386841
0 2297 0 1301.720581
0 2298 0 1390.583374
0 2299 0 1549.095581
0 2300 0 1280.105347
0 2301 0 1272.900146
0 2302 0 1282.506958
0 2303 0 1347.352905
0 2304 0 1270.498535
0 2305 0 1210.456055
0 2306 0 1316.130737
0 2307 0 1388.181763
0 2308 0 1011.115051
0 2309 0 1059.149048
0 2310 0 1469.839478
0 2311 0 1244.079834
0 2312 0 1229.669678
0 2313 0 1196.045898
0 2314 0 1145.610229
0 2316 0 1532.283691
0 2318 0 1289.712036
0 2319 0 1260.891724
0 2321 0 1246.481567
0 2322 0 1325.737549
0 2323 0 1313.729126
0 2324 0 1241.678101
0 2325 0 1244.079834
0 2326 0 1244.079834
0 2327 0 1006.311646
0 2328 0 1258.489990
0 2330 0 1160.020386
0 2331 0 1258.489990
0 2333 0 1179.234009
0 2335 0 1224.866211
0 2336 0 1337.746094
0 2337 0 1220.062866
0 2338 0 1356.959595
0 2339 0 1325.737549
0 2340 0 1429.010620
0 2341 1 1681.188965
0 2342 0 1349.754517
0 2343 0 1354.557983
0 2344 0 1157.618652
0 2345 0 1217.661133
0 2346 0 1131.199951
0 2347 0 1282.506958
0 2348 0 1083.166016
0 2349 0 1162.422119
0 2351 0 1138.405029
0 2352 0 1203.250977
0 2353 0 1217.661133
0 2354 0 1143.208496
0 2355 0 1232.071289
0 2356 0 1205.652588
0 2357 0 1282.506958
0 2359 0 1551.497192
0 2360 0 1253.686646
0 2361 0 1592.326050
0 2362 0 1323.335815
0 2363 0 1191.242432
0 2365 0 1258.489990
0 2366 0 1359.361328
0 2367 0 1215.259399
0 2368 0 1152.815308
0 2369 0 1148.011841
0 2370 0 1323.335815
0 2371 0 1215.259399
0 2372 0 1248.883179
0 2373 0 1479.446289
0 2374 0 1200.849243
0 2375 0 1133.601685
0 2376 0 1306.523926
0 2377 0 1313.729126
0 2378 0 1229.669678
0 2379 0 1042.337158
0 2380 0 1210.456055
0 2381 0 1260.891724
0 2382 0 1395.386841
0 2383 0 1212.857788
0 2384 0 1301.720581
0 2385 0 1558.702271
0 2386 0 1318.532471
0 2387 0 1246.481567
0 2388 0 1258.489990
0 2389 0 1294.515503
0 2390 0 1155.216919
0 2391 0 1361.763062
0 2392 0 1205.652588
0 2393 0 1513.070068
0 2394 0 1227.267944
0 2395 0 1215.259399
0 2396 0 1246.481567
0 2397 0 1270.498535
0 2398 0 1239.276367
0 2399 0 1179.234009
0 2400 0 1388.181763
0 2401 0 1306.523926
0 2402 0 1268.096802
0 2403 0 1265.695068
0 2404 0 1085.567749
0 2405 0 1203.250977
0 2406 0 1265.695068
0 2407 0 1289.712036
0 2408 0 1114.388062
0 2409 0 1236.874756
0 2410 0 1263.293457
0 2411 0 1325.737549
0 2412 0 994.303162
0 2414 0 1239.276367
0 2415 0 1316.130737
0 2416 0 1087.969360
1 30 0 6631.089355
1 31 0 6760.781250
1 47 0 7000.951172
1 48 0 6719.952148
1 49 0 6643.098145
1 50 0 6674.320312
1 67 0 7116.232422
1 68 0 6765.584473
1 69 0 6633.491211
1 70 0 6904.883301
1 71 0 6722.354004
1 72 0 6518.209473
1 91 0 6563.841797
1 92 0 6688.730469
1 93 0 6047.476562
1 94 0 6547.030273
1 95 0 6294.851562
1 96 0 6583.055664
1 115 0 6707.943848
1 116 0 6643.098145
1 117 0 6794.404785
1 119 0 6398.124512
1 120 0 6755.978027
1 121 0 6854.447266
1 122 0 6643.098145
1 142 0 6743.969238
1 143 0 7195.488770
1 144 0 6763.183105
1 145 0 6578.251953
1 146 0 6357.295898
1 147 0 6695.935547
1 148 0 6854.447266
1 149 0 6880.866211
1 150 0 6873.661133
1 171 0 6431.748535
1 172 0 6712.747070
1 173 0 6426.945312
1 174 0 6398.124512
1 175 0 5898.571289
1 176 0 6506.201172
1 177 0 6736.764160
1 178 0 6669.516602
1 179 0 6729.559082
1 180 0 6551.833496
1 202 0 6683.926758
1 203 0 6770.388184
1 204 0 6727.157227
1 205 0 7060.993652
1 206 0 6878.464355
1 207 0 6655.106445
1 208 0 6705.541992
1 209 0 7255.531250
1 210 0 6539.825195
1 211 0 6422.141602
1 233 0 6765.584473
1 234 0 6647.901367
1 235 0 6237.210938
1 236 0 6530.218262
1 237 0 6172.365234
1 238 0 6595.063965
1 239 0 6362.099121
1 240 0 6770.388184
1 241 0 6419.740234
1 242 0 6876.062988
1 243 0 6647.901367
1 263 0 5353.385742
1 265 0 6515.808105
1 266 0 6542.226562
1 267 -1 4752.961426
1 268 0 6462.970703
1 269 0 5651.196289
1 270 0 6362.099121
1 271 0 6453.363770
1 272 0 6813.618652
1 273 0 6631.089355
1 274 0 6486.987793
1 275 0 6494.192871
1 276 0 5920.186523
1 296 0 6078.698730
1 297 0 6057.083496
1 298 0 6688.730469
1 300 0 6719.952148
1 301 0 5598.359375
1 302 0 5905.776367
1 303 0 5792.896973
1 304 0 6261.228027
1 305 0 6530.218262
1 306 0 6491.791016
1 307 0 6936.104980
1 308 0 6976.934082
1 309 0 6945.711914
1 310 0 6496.594238
1 331 0 6976.934082
1 332 0 6719.952148
1 333 0 6527.816406
1 334 0 6686.328613
1 335 0 6443.756836
1 336 0 6215.595703
1 337 0 6254.022949
1 338 0 6549.431641
1 339 0 6662.311523
1 340 0 6719.952148
1 341 0 6566.243652
1 342 0 6816.020508
1 343 0 6866.456055
1 344 0 6652.704590
1 345 0 6888.071289
1 365 0 6328.475586
1 366 0 6794.404785
1 367 0 6801.609863
1 368 0 6374.107910
1 369 0 6837.635742
1 370 0 6280.441406
1 373 0 6547.030273
1 374 0 6717.550781
1 375 0 6220.398926
1 376 0 5924.990234
1 377 1 10961.351562
1 378 0 6227.604004
1 379 0 6707.943848
1 380 0 6664.713379
1 381 0 6964.925781
1 399 0 6571.046875
1 400 0 6796.806641
1 401 0 6537.423340
1 402 0 6895.276367
1 403 0 6551.833496
1 404 0 5415.830078
1 405 0 6004.246094
1 406 0 6052.280273
1 407 0 5533.513184
1 408 0 5629.581055
1 409 0 6470.175781
1 411 0 6186.775391
1 412 0 6342.885742
1 413 0 5466.265625
1 414 0 6686.328613
1 415 0 6794.404785
1 416 0 6647.901367
1 434 0 6775.191406
1 435 0 6796.806641
1 436 0 6715.148926
1 437 0 6907.284668
1 438 0 5994.639648
1 439 0 6789.601562
1 440 0 6414.936523
1 441 0 6722.354004
1 442 0 5776.084961
1 443 0 6246.817871
1 444 0 6292.450195
1 445 0 6448.560547
1 446 0 6955.318848
1 447 0 6205.988770
1 448 0 6897.678223
1 449 0 6837.635742
1 465 0 6398.124512
1 466 0 6472.577637
1 467 0 6631.089355
1 468 0 6571.046875
1 469 0 6314.065430
1 470 0 6410.133301
1 471 0 5970.622559
1 472 0 6374.107910
1 473 0 6278.040039
1 474 0 6883.268066
1 475 0 6993.746094
1 476 0 6621.482910
1 477 0 6638.294434
1 478 0 6501.397949
1 479 0 6508.603027
1 480 0 6506.201172
1 496 0 5511.897949
1 497 0 6566.243652
1 498 0 5831.323730
1 499 0 6580.653809
1 500 0 6093.108887
1 501 0 6811.216797
1 502 0 6047.476562
1 503 0 6652.704590
1 504 0 6722.354004
1 505 0 6784.798340
1 506 0 6518.209473
1 507 0 6888.071289
1 508 0 6386.116211
1 509 0 6169.963379
1 510 0 6210.792480
1 526 0 5999.442871
1 527 0 7087.412109
1 528 0 6258.826172
1 529 0 6059.485352
1 530 0 6388.518066
1 531 0 6484.585938
1 532 0 6724.755859
1 533 -1 3566.522217
1 534 0 6330.876953
1 535 0 6662.311523
1 536 0 6362.099121
1 537 0 6117.125977
1 538 0 6318.868652
1 553 0 6306.860352
1 554 0 6230.005859
1 555 0 6434.150391
1 556 0 6657.508301
1 557 0 6755.978027
1 559 0 6004.246094
1 560 0 6813.618652
1 561 0 6285.245117
1 562 0 6081.100586
1 563 0 5627.179688
1 564 0 6304.458496
1 579 0 6573.448730
1 580 0 5473.470703
1 581 0 6592.662109
1 582 0 6796.806641
1 583 0 6213.193848
1 584 0 6662.311523
1 585 0 6904.883301
1 586 0 6770.388184
1 587 0 6021.058105
1 588 0 6350.090820
1 589 0 5965.818848
1 590 0 6198.783691
1 591 0 6393.321289
1 605 0 6186.775391
1 606 0 6498.996094
1 607 0 5725.649414
1 608 0 6515.808105
1 609 0 7111.429199
1 610 0 6424.543457
1 611 0 6876.062988
1 612 0 7027.369629
1 613 0 6446.158691
1 614 0 6559.038574
1 615 0 6261.228027
1 616 0 6119.527832
1 631 0 6688.730469
1 632 0 6782.396484
1 633 0 6179.570312
1 634 0 6431.748535
1 635 0 6710.345703
1 636 0 6215.595703
1 637 0 6297.253418
1 638 0 6676.721680
1 639 0 6446.158691
1 640 0 6568.645508
1 641 0 6215.595703
1 642 0 6237.210938
1 643 0 6580.653809
1 657 0 7140.249512
1 658 0 6518.209473
1 659 0 6266.031250
1 660 0 6640.696289
1 661 0 6739.166016
1 662 0 6731.960938
1 663 0 6547.030273
1 664 0 6796.806641
1 665 0 6631.089355
1 666 0 6561.440430
1 667 0 6311.663574
1 668 0 6422.141602
1 669 0 6585.457031
1 670 0 6722.354004
1 684 0 6559.038574
1 685 0 6746.371094
1 686 0 6407.731445
1 687 0 6599.867188
1 688 0 6715.148926
1 689 0 6544.628418
1 690 0 6859.250977
1 691 0 6981.737305
1 692 0 6398.124512
1 693 0 6551.833496
1 694 0 6950.515625
1 695 0 6462.970703
1 696 0 6383.714355
1 697 0 6306.860352
1 710 0 6854.447266
1 711 0 7267.539551
1 712 0 6498.996094
1 713 0 6297.253418
1 714 0 6770.388184
1 715 0 7082.608887
1 716 0 6542.226562
1 717 0 6844.840820
1 718 0 6948.113770
1 719 0 6479.782715
1 720 0 6568.645508
1 721 0 6460.568848
1 722 0 6482.184082
1 723 0 6717.550781
1 724 0 6138.741211
1 725 0 6784.798340
1 726 0 6448.560547
1 727 0 6335.680664
1 738 0 6623.884277
1 740 0 6712.747070
1 741 0 6503.799316
1 743 0 6503.799316
1 744 0 6357.295898
1 745 0 5977.827637
1 746 0 6314.065430
1 747 0 6700.738770
1 748 0 4875.447754
1 769 0 6592.662109
1 771 0 6820.823730
1 772 0 6412.535156
1 773 0 6345.287598
1 775 0 6309.261719
1 776 0 6369.304199
1 777 0 6138.741211
1 778 0 5459.060547
1 779 0 5872.152832
1 780 0 6556.636719
1 800 0 6587.858887
1 801 0 6945.711914
1 802 0 6741.567871
1 803 0 6900.079590
1 805 0 6864.054199
1 806 0 7012.959473
1 807 0 7080.207031
1 808 0 6792.003418
1 809 0 6347.688965
1 810 0 5992.237793
1 811 0 6136.339844
1 812 0 5795.298340
1 813 0 6030.665039
1 814 0 5780.888184
1 828 0 7085.010742
1 829 0 6972.130859
1 830 0 6888.071289
1 831 0 6078.698730
1 832 0 6799.208496
1 833 0 7188.283691
1 834 0 6237.210938
1 835 0 6671.918457
1 837 0 6835.233887
1 838 0 6059.485352
1 839 0 6386.116211
1 840 0 6450.961914
1 842 0 6395.723145
1 843 0 7048.984863
1 844 0 6568.645508
1 845 0 6184.373535
1 846 0 6326.073730
1 847 0 5077.190430
1 848 0 5607.965820
1 849 0 5958.613770
1 862 0 7034.574707
1 863 0 5651.196289
1 865 0 6688.730469
1 866 0 6551.833496
1 867 0 6688.730469
1 868 0 6914.489746
1 869 0 6539.825195
1 872 0 6652.704590
1 873 0 6273.236328
1 874 0 6984.139160
1 875 0 7207.497070
1 877 0 6967.327148
1 878 0 6040.271484
1 879 0 6102.715820
1 880 0 5780.888184
1 881 0 5019.549805
1 882 0 6217.997559
1 883 0 5384.607910
1 884 0 6167.561523
1 896 0 7171.471680
1 897 0 6784.798340
1 898 0 6743.969238
1 899 0 6386.116211
1 900 0 6381.312988
1 901 0 6820.823730
1 902 0 6878.464355
1 903 0 6676.721680
1 904 0 6837.635742
1 905 0 6426.945312
1 906 0 6345.287598
1 907 0 5612.769531
1 908 0 6964.925781
1 909 0 6892.874512
1 910 0 6587.858887
1 911 0 7173.873535
1 912 0 6081.100586
1 913 0 6395.723145
1 914 0 6700.738770
1 915 0 6129.134766
1 916 0 4997.934570
1 917 0 5864.947754
1 918 0 5888.964844
1 931 0 7097.019043
1 932 0 5780.888184
1 933 0 6916.891602
1 934 0 6878.464355
1 935 0 7202.693848
1 936 0 6794.404785
1 937 0 6796.806641
1 938 0 6657.508301
1 939 0 6513.406250
1 940 0 5831.323730
1 941 0 6571.046875
1 942 0 6940.908691
1 943 0 6900.079590
1 944 0 6816.020508
1 945 0 6057.083496
1 946 0 6350.090820
1 947 0 6563.841797
1 949 0 6141.143066
1 950 0 5956.212402
1 951 0 5958.613770
1 963 0 6801.609863
1 964 0 6739.166016
1 965 0 6693.533691
1 966 0 7051.386719
1 967 0 7197.890137
1 969 -1 4680.910156
1 970 0 6818.421875
1 971 0 6441.355469
1 972 0 6366.902832
1 973 0 6225.202637
1 974 0 5795.298340
1 975 0 6484.585938
1 976 0 5961.015625
1 977 0 6323.671875
1 978 0 6338.082520
1 979 0 6583.055664
1 980 0 5660.803223
1 981 0 6124.331055
1 982 0 5317.360352
1 983 0 6412.535156
1 994 0 5607.965820
1 995 0 6566.243652
1 997 0 7015.361328
1 998 0 6638.294434
1 999 0 7032.173340
1 1000 0 7190.685059
1 1001 0 6777.593262
1 1002 0 5648.794922
1 1005 0 6513.406250
1 1006 0 6157.955078
1 1007 0 5605.564453
1 1008 0 6143.544922
1 1009 0 6760.781250
1 1010 0 6177.168457
1 1011 0 5454.257324
1 1012 0 6057.083496
1 1013 0 5495.085938
1 1014 0 6083.502441
1 1026 0 6888.071289
1 1027 0 7200.291992
1 1028 0 6323.671875
1 1029 0 6530.218262
1 1032 0 6578.251953
1 1035 0 6643.098145
1 1036 0 6655.106445
1 1037 0 6523.013184
1 1038 0 6393.321289
1 1039 0 6210.792480
1 1040 0 6366.902832
1 1041 0 6102.715820
1 1042 0 6302.056641
1 1043 0 6083.502441
1 1055 0 6763.183105
1 1056 0 7063.395020
1 1057 0 6395.723145
1 1058 0 7373.214355
1 1059 0 6405.330078
1 1061 0 6825.626953
1 1064 0 6808.815430
1 1065 0 6698.336914
1 1066 0 6547.030273
1 1067 0 6215.595703
1 1068 0 6371.706055
1 1069 0 6270.834961
1 1070 0 6186.775391
1 1071 0 5238.104492
1 1072 0 6153.151367
1 1073 0 6131.536133
1 1084 0 7135.446289
1 1085 0 6686.328613
1 1088 0 5716.042480
1 1089 0 5985.032715
1 1090 0 6974.532227
1 1091 -1 4822.610352
1 1094 0 6148.348145
1 1095 0 6362.099121
1 1096 0 6323.671875
1 1097 0 6306.860352
1 1099 0 6270.834961
1 1100 0 5850.537598
1 1101 0 5725.649414
1 1112 0 6290.048340
1 1113 0 6100.313965
1 1114 0 6547.030273
1 1115 0 5631.982910
1 1116 0 6465.372070
1 1117 0 6193.980469
1 1118 0 6496.594238
1 1119 0 5106.010742
1 1120 0 5283.736816
1 1121 0 6083.502441
1 1124 0 5886.562988
1 1126 0 6520.611328
1 1138 0 6249.219238
1 1139 0 6234.809082
1 1140 0 6619.081055
1 1141 0 7305.966797
1 1142 0 6186.775391
1 1143 0 5754.469727
1 1144 0 5545.521973
1 1145 0 6280.441406
1 1146 0 6486.987793
1 1147 0 6467.773926
1 1148 0 5884.161133
1 1149 0 5595.957520
1 1150 0 7099.420898
1 1151 0 6681.525391
1 1162 0 6479.782715
1 1163 0 6914.489746
1 1164 0 6599.867188
1 1165 0 6083.502441
1 1166 0 6117.125977
1 1167 0 6316.466797
1 1168 0 6573.448730
1 1169 0 6556.636719
1 1170 0 5451.855469
1 1171 0 6093.108887
1 1172 0 6931.301758
1 1173 0 6921.694824
1 1182 0 5600.760742
1 1183 0 6688.730469
1 1184 0 7325.180176
1 1185 0 6412.535156
1 1186 0 6352.492676
1 1187 0 6309.261719
1 1200 0 6772.789551
1 1201 0 6635.893066
1 1203 0 6597.465820
1 1204 0 6681.525391
1 1214 0 6695.935547
1 1215 0 5980.229004
1 1216 0 6160.356445
1 1222 0 6112.322754
1 1223 0 6472.577637
1 1224 0 6566.243652
1 1225 0 6530.218262
1 1226 0 6354.894043
1 1227 0 6655.106445
1 1229 0 6578.251953
1 1230 0 6021.058105
1 1231 0 6292.450195
1 1236 0 5502.291016
1 1237 0 6811.216797
