Tag ID state CutRate 111314 59015.652919
0 35 0 1228.506714
0 36 0 1131.933105
0 37 0 1253.211670
0 38 0 1190.326416
0 39 0 1275.670654
0 40 0 1226.260864
0 41 0 1262.195190
0 42 0 1262.195190
0 43 0 1217.277222
0 44 0 1143.162598
0 45 0 1192.572388
0 46 0 1428.391724
0 47 0 1241.982178
0 48 0 1174.605225
0 49 0 1228.506714
0 50 0 1307.113159
0 51 0 1239.736206
0 52 0 1365.506592
0 53 0 1302.621460
0 54 0 1206.047729
0 55 0 1241.982178
0 56 0 1172.359253
0 57 0 1217.277222
0 58 0 1145.408447
0 59 0 1262.195190
0 60 0 1145.408447
0 61 0 1273.424683
0 62 0 1250.965698
0 63 0 1228.506714
0 64 0 1219.523193
0 65 0 1145.408447
0 66 0 1282.408325
0 67 0 1282.408325
0 68 0 1244.228027
0 69 0 1295.883667
0 70 0 1181.342896
0 71 0 1104.982300
0 72 0 1354.277100
0 73 0 1161.129761
0 74 0 1372.244263
0 75 0 1376.736084
0 76 0 1199.310059
0 77 0 1239.736206
0 78 0 1113.965942
0 79 0 1111.719971
0 80 0 1215.031372
0 81 0 1179.096924
0 82 0 1259.949341
0 83 0 1055.572510
0 84 0 1311.604980
0 85 0 1221.769043
0 86 0 1293.637817
0 87 0 1147.654419
0 88 0 1318.342651
0 89 0 1069.047974
0 90 0 1134.178955
0 91 0 1210.539551
0 92 0 1212.785400
0 93 0 1230.752686
0 94 0 1221.769043
0 95 0 1194.818237
0 96 0 1228.506714
0 97 0 1158.883911
0 98 0 1156.637939
0 99 0 1179.096924
0 100 0 1226.260864
0 101 0 1149.900269
0 102 0 1075.785645
0 103 0 1224.014893
0 104 0 1161.129761
0 106 0 1295.883667
0 107 0 1268.932983
0 108 0 1185.834717
0 109 0 1253.211670
0 110 0 1190.326416
0 111 0 1304.867310
0 112 0 1158.883911
0 114 0 1345.293457
0 115 0 1156.637939
0 116 0 1259.949341
0 117 0 1125.195435
0 118 0 1163.375732
0 119 0 1228.506714
0 120 0 1215.031372
0 121 0 1298.129639
0 122 0 1199.310059
0 123 0 1232.998535
0 124 0 1208.293701
0 125 0 1219.523193
0 126 0 1149.900269
0 127 0 1239.736206
0 128 0 1253.211670
0 129 0 1194.818237
0 130 0 1280.162476
0 131 0 1230.752686
0 132 0 1208.293701
0 133 0 1181.342896
0 134 0 1255.457520
0 135 0 1277.916504
0 136 0 1385.719727
0 137 0 1203.801880
0 138 0 1250.965698
0 139 0 1235.244385
0 140 0 1134.178955
0 141 0 1334.063965
0 143 0 1055.572510
0 144 0 1356.522949
0 145 0 1295.883667
0 146 0 1125.195435
0 147 0 1376.736084
0 148 0 1343.047607
0 149 0 1228.506714
0 150 0 1239.736206
0 151 0 1179.096924
0 152 0 1284.654175
0 153 0 1129.687134
0 154 0 1122.949463
0 155 0 1369.998413
0 156 0 1325.080444
0 157 0 1295.883667
0 158 0 1311.604980
0 159 0 1221.769043
0 160 0 1275.670654
0 161 0 1064.556152
0 162 0 891.621887
0 163 0 1235.244385
0 164 0 1421.654053
0 165 0 1221.769043
0 166 0 1405.932739
0 167 0 1361.014771
0 168 0 1235.244385
0 169 1 1599.080078
0 170 0 1257.703491
0 171 0 1129.687134
0 172 0 1228.506714
0 173 0 1374.490234
0 174 0 1098.244629
0 175 0 1329.572144
0 176 0 1152.146240
0 177 0 1170.113403
0 178 0 1224.014893
0 179 0 1215.031372
0 180 0 1282.408325
0 181 0 1183.588745
0 182 0 1262.195190
0 183 0 1300.375488
0 184 0 1298.129639
0 185 0 1259.949341
0 186 0 1147.654419
0 187 0 1347.539429
0 188 0 1264.441162
0 189 0 1206.047729
0 190 0 1349.785278
0 191 0 1161.129761
0 192 0 1304.867310
0 195 0 1250.965698
0 196 0 1210.539551
0 197 0 1212.785400
0 198 0 1300.375488
0 199 0 1188.080566
0 200 0 1273.424683
0 201 0 1230.752686
0 202 0 1313.850952
0 203 0 1087.015137
0 204 0 1087.015137
0 205 0 1051.080688
0 206 0 1152.146240
0 207 0 1273.424683
0 209 0 1084.769165
0 210 0 1145.408447
0 211 0 1224.014893
0 212 0 1064.556152
0 214 0 1381.227905
0 215 0 1302.621460
0 216 0 1113.965942
0 217 0 1064.556152
0 218 0 1230.752686
0 220 0 1215.031372
0 221 0 1365.506592
0 222 0 1282.408325
0 223 0 1161.129761
0 224 0 1210.539551
0 225 0 1104.982300
0 226 0 1098.244629
0 227 0 1248.719849
0 228 0 1273.424683
0 229 0 1365.506592
0 230 0 1161.129761
0 231 0 1125.195435
0 232 0 1293.637817
0 233 0 1226.260864
0 234 0 1134.178955
0 235 0 1219.523193
0 236 0 1309.359131
0 237 0 1239.736206
0 238 0 1318.342651
0 239 0 1156.637939
0 240 0 1170.113403
0 242 0 1244.228027
0 243 0 1197.064209
0 245 0 1248.719849
0 246 0 1212.785400
0 247 0 1197.064209
0 248 0 1127.441284
0 249 0 1215.031372
0 250 0 1140.916626
0 251 0 1271.178833
0 252 0 1268.932983
0 253 0 1183.588745
0 254 0 1145.408447
0 255 0 1230.752686
0 256 0 1131.933105
0 257 0 1257.703491
0 258 0 1104.982300
0 259 0 1111.719971
0 260 0 1176.851074
0 261 0 1131.933105
0 262 0 1161.129761
0 263 0 1069.047974
0 264 0 1120.703613
0 265 0 1403.686890
0 266 0 1174.605225
0 267 0 1217.277222
0 268 0 1122.949463
0 269 0 1246.473999
0 270 0 1174.605225
0 271 0 1100.490479
0 272 0 1347.539429
0 273 0 1064.556152
0 274 0 1277.916504
0 275 0 1138.670776
0 276 0 1262.195190
0 277 0 1152.146240
0 278 0 1228.506714
0 279 0 1264.441162
0 280 0 1042.097168
0 281 0 1208.293701
0 282 0 1161.129761
0 283 0 1192.572388
0 284 0 1138.670776
0 285 0 1163.375732
0 286 0 1277.916504
0 288 0 1228.506714
0 289 0 1232.998535
0 290 0 1104.982300
0 291 0 1206.047729
0 292 0 1028.621704
0 293 0 1154.392090
0 294 0 1156.637939
0 295 0 1253.211670
0 296 0 1167.867432
0 297 0 1138.670776
0 298 0 1273.424683
0 299 0 1181.342896
0 300 0 1208.293701
0 301 0 1152.146240
0 302 0 1109.474121
0 303 0 1255.457520
0 305 0 1116.211792
0 306 0 1165.621582
0 308 0 1295.883667
0 309 0 1116.211792
0 310 0 1098.244629
0 311 0 1143.162598
0 312 0 1219.523193
0 313 0 1246.473999
0 314 0 1206.047729
0 315 0 1316.096802
0 316 0 1244.228027
0 317 0 1241.982178
0 318 0 1318.342651
0 319 0 1170.113403
0 320 0 1185.834717
0 321 0 1161.129761
0 322 0 1232.998535
0 323 0 1167.867432
0 324 0 1215.031372
0 325 0 1080.277466
0 326 0 1271.178833
0 327 0 1320.588623
0 328 0 1197.064209
0 329 0 1239.736206
0 330 0 1172.359253
0 331 0 1300.375488
0 332 0 1331.818115
0 333 0 1300.375488
0 334 0 1262.195190
0 335 0 1275.670654
0 336 0 1156.637939
0 337 0 1228.506714
0 338 0 1302.621460
0 339 0 1176.851074
0 340 0 1206.047729
0 341 0 1185.834717
0 342 0 1226.260864
0 343 0 1062.310181
0 344 0 1248.719849
0 345 0 1318.342651
0 346 0 1201.555908
0 347 0 1093.752808
0 348 0 1136.424927
0 349 0 1176.851074
0 350 0 1125.195435
0 351 0 1221.769043
0 353 0 1163.375732
0 354 0 1093.752808
0 355 0 1210.539551
0 356 0 1365.506592
0 357 0 1194.818237
0 358 0 1019.638123
0 359 0 1239.736206
0 360 0 1293.637817
0 361 0 1129.687134
0 362 0 1208.293701
0 363 0 1163.375732
0 364 0 1078.031494
0 365 0 1298.129639
0 366 0 1188.080566
0 367 0 1192.572388
0 368 0 1170.113403
0 369 0 1244.228027
0 370 0 1221.769043
0 371 0 1147.654419
0 372 0 1217.277222
0 373 0 1241.982178
0 374 0 1170.113403
0 375 0 1273.424683
0 376 0 1307.113159
0 377 0 1268.932983
0 378 0 1338.555786
0 379 0 1250.965698
0 380 0 1273.424683
0 381 0 1170.113403
0 382 0 1228.506714
0 383 0 1212.785400
0 384 0 1275.670654
0 386 0 1232.998535
0 387 0 1280.162476
0 388 0 1167.867432
0 389 0 1219.523193
0 390 0 1131.933105
0 392 0 1226.260864
0 393 0 1322.834473
0 394 0 1136.424927
0 395 0 1062.310181
0 396 0 1264.441162
0 397 0 1145.408447
0 398 0 1224.014893
0 399 0 1078.031494
0 400 0 1190.326416
0 401 0 1156.637939
0 402 0 1185.834717
0 403 0 1286.900146
0 404 0 1304.867310
0 405 0 1143.162598
0 406 0 1129.687134
0 407 0 1194.818237
0 409 0 1246.473999
0 410 0 1273.424683
0 411 0 1271.178833
0 412 0 1145.408447
0 413 0 1322.834473
0 415 0 1239.736206
0 416 0 1412.670410
0 418 0 1226.260864
0 419 0 1336.309937
0 420 0 1268.932983
0 421 0 1235.244385
0 422 0 916.326782
0 423 0 1215.031372
0 424 0 1149.900269
0 425 0 1127.441284
0 426 0 1167.867432
0 427 0 1012.900452
0 428 0 1215.031372
0 429 0 1210.539551
0 430 0 1095.998657
0 431 0 1158.883911
0 432 0 1291.391968
0 433 0 1129.687134
0 434 0 1087.015137
0 435 0 1174.605225
0 436 0 1071.293823
0 437 0 1129.687134
0 438 0 1219.523193
0 439 0 1145.408447
0 441 0 1197.064209
0 442 0 1212.785400
0 443 0 1248.719849
0 444 0 1331.818115
0 445 0 1188.080566
0 446 0 1266.687012
0 447 0 1176.851074
0 448 0 1232.998535
0 449 0 1264.441162
0 450 0 1343.047607
0 451 0 1075.785645
0 452 0 997.179138
0 453 0 1134.178955
0 454 0 1140.916626
0 455 0 1244.228027
0 456 0 1161.129761
0 457 0 1145.408447
0 458 0 1078.031494
0 459 0 1104.982300
0 460 0 1179.096924
0 461 0 1098.244629
0 462 0 1104.982300
0 463 0 1188.080566
0 464 0 1183.588745
0 465 0 1136.424927
0 466 0 1131.933105
0 467 0 923.064514
0 468 0 1257.703491
0 469 0 1163.375732
0 470 0 1120.703613
0 471 0 1152.146240
0 473 0 1304.867310
0 474 0 1387.965576
0 475 0 1228.506714
0 476 0 1098.244629
0 477 0 1241.982178
0 478 0 1217.277222
0 479 0 1172.359253
0 480 0 1165.621582
0 481 0 1255.457520
0 482 0 1224.014893
0 483 0 1241.982178
0 484 0 1322.834473
0 485 0 1145.408447
0 486 0 1307.113159
0 487 0 1282.408325
0 488 0 1253.211670
0 489 0 1152.146240
0 490 0 1273.424683
0 491 0 1369.998413
0 492 0 1235.244385
0 493 0 1316.096802
0 494 0 1235.244385
0 495 0 1194.818237
0 496 0 1437.375366
0 497 0 1331.818115
0 498 0 1390.211426
0 499 0 1248.719849
0 500 0 1158.883911
0 501 0 1262.195190
0 502 0 1188.080566
0 503 0 1210.539551
0 504 0 1206.047729
0 505 0 1318.342651
0 506 0 1255.457520
0 507 0 1235.244385
0 508 0 1295.883667
0 509 0 1217.277222
0 510 0 1118.457642
0 511 0 1181.342896
0 513 0 1262.195190
0 514 0 1131.933105
0 515 0 1361.014771
0 516 0 1224.014893
0 517 0 1221.769043
0 518 0 1239.736206
0 519 0 1217.277222
0 520 0 1190.326416
0 521 0 1192.572388
0 522 0 1206.047729
0 523 0 1228.506714
0 524 0 1423.899902
0 525 0 1266.687012
0 526 0 1334.063965
0 527 0 1349.785278
0 528 0 1363.260742
0 529 0 1257.703491
0 530 0 1293.637817
0 531 0 1244.228027
0 532 0 1367.752441
0 533 0 1232.998535
0 534 0 1304.867310
0 535 0 1277.916504
0 536 0 1192.572388
0 537 0 1039.851196
0 538 0 1125.195435
0 539 0 1275.670654
0 541 0 1172.359253
0 542 0 1403.686890
0 543 0 1120.703613
0 544 0 1143.162598
0 545 0 1199.310059
0 546 0 1271.178833
0 547 0 1109.474121
0 548 0 1170.113403
0 549 0 1300.375488
0 550 0 1206.047729
0 552 0 1181.342896
0 553 0 1369.998413
0 554 0 1197.064209
0 555 0 1307.113159
0 556 0 1122.949463
0 557 0 1221.769043
0 558 0 1199.310059
0 559 0 1248.719849
0 560 0 1232.998535
0 561 0 1221.769043
0 562 0 1102.736450
0 563 0 1307.113159
0 564 0 1255.457520
0 565 0 1109.474121
0 566 0 1327.326294
0 567 0 1118.457642
0 568 0 1273.424683
0 569 0 1147.654419
0 570 0 1293.637817
0 571 0 1113.965942
0 572 0 1232.998535
0 573 0 1215.031372
0 574 0 1271.178833
0 575 0 1217.277222
0 576 0 1271.178833
0 577 0 1111.719971
0 578 0 1257.703491
0 579 0 1188.080566
0 581 0 1262.195190
0 582 0 1307.113159
0 583 0 1125.195435
0 584 0 1338.555786
0 585 0 1244.228027
0 586 0 1221.769043
0 587 0 1131.933105
0 588 0 1291.391968
0 589 0 1271.178833
0 590 0 1212.785400
0 591 0 1127.441284
0 592 0 1122.949463
0 593 0 1176.851074
0 594 0 1134.178955
0 595 0 1134.178955
0 596 0 1250.965698
0 597 0 1307.113159
0 598 0 1284.654175
0 599 0 1201.555908
0 600 0 1201.555908
0 601 0 1255.457520
0 602 0 1109.474121
0 603 0 1152.146240
0 604 0 1197.064209
0 605 0 1268.932983
0 607 0 1197.064209
0 608 0 1237.490356
0 609 0 1241.982178
0 610 0 1183.588745
0 611 0 1226.260864
0 612 0 1280.162476
0 613 0 1228.506714
0 614 0 1286.900146
0 615 0 1172.359253
0 616 0 1241.982178
0 617 0 1197.064209
0 618 0 1235.244385
0 619 0 1282.408325
0 620 0 1345.293457
0 621 0 1165.621582
0 622 0 1352.031250
0 623 0 1320.588623
0 624 0 1156.637939
0 625 0 1293.637817
0 626 0 1277.916504
0 627 0 1120.703613
0 628 0 1199.310059
0 629 0 1190.326416
0 630 0 1250.965698
0 631 0 1239.736206
0 632 0 1311.604980
0 633 0 1069.047974
0 634 0 1248.719849
0 635 0 1215.031372
0 636 0 1125.195435
0 637 0 1120.703613
0 638 0 1266.687012
0 639 0 1307.113159
0 640 0 1228.506714
0 641 0 1262.195190
0 642 0 1116.211792
0 643 0 1277.916504
0 644 0 1111.719971
0 645 0 1232.998535
0 646 0 1221.769043
0 647 0 1091.506958
0 648 0 1181.342896
0 649 0 1156.637939
0 650 0 1136.424927
0 651 0 1300.375488
0 652 0 1264.441162
0 653 0 1241.982178
0 654 0 1104.982300
0 655 0 1181.342896
0 656 0 1131.933105
0 657 0 1145.408447
0 658 0 1134.178955
0 659 0 1028.621704
0 660 0 1172.359253
0 661 0 1170.113403
0 662 0 1122.949463
0 663 0 1030.867676
0 664 0 1188.080566
0 665 0 1145.408447
0 666 0 1138.670776
0 667 0 1282.408325
0 668 0 1309.359131
0 669 0 1125.195435
0 670 0 1250.965698
0 671 0 1232.998535
0 672 0 1098.244629
0 673 0 1226.260864
0 674 0 1235.244385
0 675 0 1230.752686
0 676 0 1284.654175
0 677 0 1277.916504
0 678 0 1149.900269
0 679 0 1282.408325
0 680 0 1221.769043
0 681 0 1264.441162
0 682 0 1073.539673
0 683 0 1206.047729
0 684 0 1284.654175
0 685 0 1111.719971
0 686 0 1161.129761
0 687 0 1246.473999
0 688 0 1230.752686
0 689 0 965.736572
0 690 0 1295.883667
0 691 0 1176.851074
0 692 0 1075.785645
0 693 0 1201.555908
0 694 0 1190.326416
0 695 0 1201.555908
0 696 0 1313.850952
0 697 0 1298.129639
0 698 0 1250.965698
0 699 0 1206.047729
0 700 0 1021.884033
0 701 0 1217.277222
0 702 0 1095.998657
0 703 0 1071.293823
0 704 0 1163.375732
0 705 0 974.720154
0 706 0 1230.752686
0 707 0 1066.802002
0 708 0 1228.506714
0 709 0 1100.490479
0 710 0 1111.719971
0 711 0 1228.506714
0 712 0 1093.752808
0 713 0 1095.998657
0 714 0 1179.096924
0 715 0 1167.867432
0 716 0 1185.834717
0 717 0 1197.064209
0 718 0 1163.375732
0 719 0 1156.637939
0 720 0 1262.195190
0 721 0 1156.637939
0 723 0 985.949646
0 724 0 1125.195435
0 725 0 1302.621460
0 726 0 1102.736450
0 727 0 1176.851074
0 728 0 1230.752686
0 729 0 1161.129761
0 730 0 1127.441284
0 731 0 1156.637939
0 732 0 1138.670776
0 733 0 1015.146362
0 734 0 1199.310059
0 735 0 994.933228
0 736 0 1239.736206
0 737 0 1165.621582
0 738 0 1232.998535
0 739 0 1165.621582
0 740 0 1246.473999
0 741 0 1320.588623
0 742 0 1095.998657
0 743 0 1208.293701
0 744 0 1089.260986
0 745 0 1111.719971
0 746 0 1120.703613
0 747 0 1122.949463
0 748 0 1280.162476
0 749 0 1147.654419
0 750 0 1100.490479
0 751 0 1111.719971
0 752 0 1188.080566
0 753 0 1125.195435
0 754 0 1158.883911
0 755 0 1257.703491
0 756 0 1107.228149
0 757 0 1125.195435
0 758 0 1188.080566
0 759 0 1246.473999
0 760 0 1143.162598
0 761 0 1309.359131
0 762 0 1232.998535
0 763 0 1145.408447
0 764 0 1087.015137
0 765 0 1266.687012
0 766 0 1183.588745
0 767 0 1147.654419
0 768 0 1087.015137
0 769 0 1197.064209
0 770 0 1334.063965
0 771 0 1143.162598
0 772 0 1127.441284
0 773 0 1188.080566
0 774 0 1329.572144
0 776 0 1343.047607
0 777 0 1338.555786
0 778 0 1017.392212
0 779 0 1248.719849
0 780 0 1221.769043
0 781 0 1167.867432
0 782 0 1331.818115
0 783 0 1228.506714
0 784 0 1194.818237
0 785 0 1426.145874
0 786 0 1154.392090
0 787 0 1298.129639
0 788 0 1199.310059
0 789 0 1206.047729
0 790 0 1237.490356
0 791 0 1318.342651
0 792 0 1239.736206
0 793 0 1291.391968
0 794 0 1302.621460
0 795 0 1239.736206
0 796 0 1197.064209
0 797 0 1286.900146
0 798 0 1203.801880
0 799 0 1246.473999
0 800 0 1064.556152
0 801 0 1057.818481
0 802 0 1143.162598
0 803 0 1232.998535
0 804 0 1154.392090
0 805 0 1230.752686
0 806 0 1143.162598
0 807 0 1217.277222
0 808 0 1313.850952
0 809 0 1100.490479
0 811 0 1127.441284
0 812 0 1073.539673
0 813 0 1024.129883
0 814 0 1208.293701
0 815 0 1257.703491
0 816 0 1165.621582
0 817 0 1044.343018
0 818 0 1293.637817
0 819 0 1212.785400
0 820 0 1322.834473
0 821 0 1331.818115
0 822 0 1190.326416
0 823 0 1203.801880
0 824 0 1331.818115
0 825 0 1206.047729
0 826 0 1129.687134
0 827 0 1069.047974
0 828 0 1194.818237
0 829 0 1149.900269
0 830 0 1185.834717
0 831 0 1185.834717
0 832 0 1170.113403
0 833 0 1095.998657
0 834 0 1149.900269
0 835 0 1183.588745
0 836 0 1183.588745
0 838 0 1154.392090
0 839 0 1226.260864
0 840 0 1232.998535
0 841 0 1208.293701
0 842 0 1172.359253
0 843 0 1161.129761
0 844 0 1102.736450
0 845 0 1064.556152
0 846 0 1163.375732
0 847 0 1268.932983
0 848 0 1156.637939
0 849 0 1201.555908
0 850 0 1232.998535
0 851 0 1257.703491
0 852 0 1161.129761
0 853 0 1172.359253
0 854 0 1259.949341
0 855 0 1147.654419
0 856 0 1302.621460
0 857 0 1174.605225
0 858 0 1206.047729
0 859 0 1282.408325
0 860 0 1291.391968
0 861 0 1179.096924
0 862 0 1356.522949
0 863 0 1131.933105
0 864 0 1113.965942
0 865 0 1134.178955
0 866 0 1394.703247
0 867 0 1280.162476
0 868 0 1320.588623
0 869 0 1111.719971
0 870 0 1331.818115
0 871 0 1253.211670
0 872 0 1089.260986
0 873 0 1239.736206
0 874 0 1253.211670
0 875 0 1100.490479
0 876 0 1291.391968
0 878 0 1203.801880
0 879 0 1264.441162
0 880 0 1143.162598
0 881 0 1246.473999
0 882 0 1192.572388
0 883 0 1210.539551
0 884 0 1158.883911
0 885 0 1259.949341
0 886 0 1250.965698
0 887 0 1129.687134
0 888 0 1250.965698
0 889 0 1140.916626
0 890 0 1336.309937
0 891 0 1280.162476
0 892 0 1140.916626
0 893 0 1120.703613
0 894 0 1194.818237
0 895 0 1104.982300
0 896 0 1149.900269
0 897 0 1291.391968
0 898 0 1095.998657
0 899 0 1203.801880
0 900 0 1307.113159
0 901 0 1194.818237
0 902 0 1322.834473
0 903 0 1149.900269
0 904 0 1217.277222
0 905 0 1401.440918
0 907 0 1259.949341
0 908 0 1154.392090
0 909 0 1181.342896
0 911 0 1154.392090
0 912 0 1215.031372
0 913 0 1199.310059
0 914 0 1282.408325
0 915 0 1199.310059
0 916 0 1219.523193
0 917 0 1199.310059
0 918 0 1190.326416
0 920 0 1246.473999
0 921 0 1134.178955
0 922 0 1183.588745
0 923 0 1127.441284
0 924 0 1138.670776
0 925 0 1082.523315
0 926 0 1154.392090
0 927 0 1246.473999
0 928 0 1280.162476
0 929 0 1149.900269
0 930 0 1239.736206
0 931 0 1161.129761
0 932 0 1212.785400
0 933 0 1039.851196
0 934 0 1471.063843
0 935 0 1293.637817
0 936 0 1066.802002
0 937 0 1201.555908
0 938 0 1134.178955
0 939 0 1197.064209
0 941 0 1280.162476
0 942 0 1185.834717
0 943 0 1244.228027
0 944 0 1113.965942
0 945 0 1095.998657
0 946 0 1055.572510
0 947 0 1156.637939
0 948 0 1179.096924
0 949 0 1064.556152
0 950 0 1309.359131
0 951 0 1210.539551
0 952 0 1163.375732
0 953 0 1102.736450
0 954 0 1293.637817
0 955 0 1338.555786
0 956 0 1201.555908
0 957 0 1095.998657
0 958 0 1257.703491
0 959 0 1084.769165
0 961 0 1273.424683
0 962 0 1367.752441
0 963 0 1255.457520
0 964 0 1259.949341
0 965 0 1215.031372
0 966 0 1226.260864
0 967 0 1127.441284
0 968 0 1340.801636
0 969 0 1190.326416
0 970 0 1280.162476
0 971 0 1082.523315
0 972 0 1248.719849
0 973 0 1206.047729
0 974 0 1163.375732
0 975 0 1127.441284
0 976 0 1336.309937
0 977 0 1131.933105
0 978 0 1262.195190
0 979 0 1219.523193
0 980 0 1113.965942
0 981 0 1206.047729
0 982 0 1259.949341
0 983 0 1224.014893
0 984 0 1127.441284
0 985 0 1255.457520
0 986 0 1143.162598
0 987 0 1091.506958
0 988 0 1237.490356
0 989 0 1286.900146
0 990 0 1405.932739
0 991 0 1295.883667
0 992 0 1203.801880
0 993 0 1284.654175
0 994 0 1197.064209
0 995 0 1280.162476
0 996 0 1158.883911
0 997 0 1230.752686
0 998 0 1127.441284
0 999 0 1163.375732
0 1000 0 1230.752686
0 1001 0 1266.687012
0 1002 0 1259.949341
0 1003 0 1262.195190
0 1004 0 1302.621460
0 1005 0 1361.014771
0 1006 0 1174.605225
0 1007 0 1304.867310
0 1008 0 1257.703491
0 1009 0 1165.621582
0 1010 0 1284.654175
0 1011 0 1192.572388
0 1012 0 1331.818115
0 1013 0 1320.588623
0 1014 0 1172.359253
0 1016 0 1318.342651
0 1017 0 1374.490234
0 1018 0 1246.473999
0 1019 0 1075.785645
0 1020 0 1264.441162
0 1021 0 1140.916626
0 1023 0 1215.031372
0 1024 0 1172.359253
0 1025 0 1066.802002
0 1027 0 1206.047729
0 1029 0 1230.752686
0 1031 0 1208.293701
0 1032 0 1145.408447
0 1033 0 1188.080566
0 1036 0 1221.769043
0 1037 0 1154.392090
0 1038 0 1262.195190
0 1039 0 1228.506714
0 1040 0 1176.851074
0 1041 0 1221.769043
0 1042 0 999.425049
0 1043 0 1246.473999
0 1044 0 1107.228149
0 1045 0 1140.916626
0 1046 0 1194.818237
0 1047 0 1327.326294
0 1048 0 1271.178833
0 1049 0 1136.424927
0 1050 0 1286.900146
0 1051 0 1185.834717
0 1052 0 871.408813
0 1053 0 1219.523193
0 1054 0 1145.408447
0 1055 0 1127.441284
0 1056 0 1073.539673
0 1057 0 1230.752686
0 1058 0 1122.949463
0 1059 0 1109.474121
0 1060 0 1275.670654
0 1061 0 1190.326416
0 1062 0 1125.195435
0 1064 0 1158.883911
0 1065 0 1107.228149
0 1066 0 1313.850952
0 1067 0 1271.178833
0 1068 0 1181.342896
0 1069 0 1122.949463
0 1070 0 1221.769043
0 1071 0 1230.752686
0 1072 0 1093.752808
0 1073 0 1192.572388
0 1074 0 1158.883911
0 1075 0 1217.277222
0 1076 0 1232.998535
0 1077 0 1104.982300
0 1078 0 1100.490479
0 1079 0 1174.605225
0 1080 0 1149.900269
0 1081 0 1109.474121
0 1082 0 1232.998535
0 1083 0 1172.359253
0 1084 0 1226.260864
0 1085 0 1138.670776
0 1086 0 1201.555908
0 1087 0 1331.818115
0 1088 0 1356.522949
0 1089 0 1055.572510
0 1090 0 1140.916626
0 1091 0 1149.900269
0 1092 0 1336.309937
0 1094 0 1215.031372
0 1095 0 1152.146240
0 1096 0 1149.900269
0 1097 0 1125.195435
0 1098 0 1224.014893
0 1099 0 1055.572510
0 1100 0 1327.326294
0 1101 0 1087.015137
0 1102 0 1248.719849
0 1103 0 1307.113159
0 1104 0 1134.178955
0 1105 0 1208.293701
0 1107 0 1215.031372
0 1108 0 1250.965698
0 1109 0 1239.736206
0 1110 0 1089.260986
0 1111 0 1235.244385
0 1112 0 1197.064209
0 1113 0 1179.096924
0 1114 0 1273.424683
0 1115 0 1197.064209
0 1116 0 1082.523315
0 1117 0 1075.785645
0 1118 0 1138.670776
0 1120 0 1253.211670
0 1121 0 1122.949463
0 1123 0 1248.719849
0 1124 0 1318.342651
0 1125 0 1138.670776
0 1126 0 1336.309937
0 1127 0 1176.851074
0 1128 0 1199.310059
0 1129 0 1275.670654
0 1130 0 1361.014771
0 1131 0 1154.392090
0 1132 0 1140.916626
0 1134 0 1149.900269
0 1135 0 1147.654419
0 1136 0 1147.654419
0 1137 0 1210.539551
0 1138 0 1149.900269
0 1139 0 1203.801880
0 1140 0 1125.195435
0 1141 0 1028.621704
0 1142 0 1192.572388
0 1143 0 1154.392090
0 1144 0 1100.490479
0 1145 0 1102.736450
0 1146 0 1017.392212
0 1147 0 1145.408447
0 1148 0 1104.982300
0 1149 0 1116.211792
0 1150 0 1165.621582
0 1151 0 1095.998657
0 1152 0 1226.260864
0 1153 0 1104.982300
0 1154 0 1210.539551
0 1155 0 1203.801880
0 1156 0 1336.309937
0 1159 0 1259.949341
0 1160 0 1170.113403
0 1161 0 1044.343018
0 1162 0 1340.801636
0 1163 0 1134.178955
0 1164 0 1129.687134
0 1166 0 1156.637939
0 1167 0 1336.309937
0 1168 0 1208.293701
0 1169 0 1194.818237
0 1170 0 1165.621582
0 1171 0 1192.572388
0 1172 0 1163.375732
0 1173 0 1129.687134
0 1174 0 1230.752686
0 1175 0 1219.523193
0 1176 0 1176.851074
0 1177 0 1118.457642
0 1178 0 1087.015137
0 1179 0 1262.195190
0 1180 0 1120.703613
0 1181 0 1203.801880
0 1182 0 1100.490479
0 1183 0 1183.588745
0 1184 0 1185.834717
0 1185 0 1275.670654
0 1186 0 1136.424927
0 1187 0 1075.785645
0 1188 0 1237.490356
0 1189 0 1073.539673
0 1190 0 1208.293701
0 1191 0 1309.359131
0 1192 0 1044.343018
0 1193 0 1152.146240
0 1194 0 1093.752808
0 1195 0 1430.637695
0 1196 0 1329.572144
0 1197 0 1266.687012
0 1198 0 1331.818115
0 1199 0 1262.195190
0 1200 0 1163.375732
0 1201 0 1181.342896
0 1202 0 1183.588745
0 1203 0 1183.588745
0 1204 0 1322.834473
0 1205 0 1037.605347
0 1206 0 1147.654419
0 1207 0 1201.555908
0 1208 0 1154.392090
0 1209 0 1129.687134
0 1210 0 1300.375488
0 1211 0 1152.146240
0 1212 0 1140.916626
0 1214 0 1188.080566
0 1215 0 1190.326416
0 1216 0 1188.080566
0 1217 0 1154.392090
0 1218 0 1212.785400
0 1219 0 1230.752686
0 1220 0 1084.769165
0 1221 0 1244.228027
0 1223 0 1320.588623
0 1224 0 1183.588745
0 1225 0 1152.146240
0 1226 0 1289.145996
0 1227 0 1174.605225
0 1228 0 1217.277222
0 1229 0 1224.014893
0 1230 0 1264.441162
0 1231 0 1167.867432
0 1232 0 1181.342896
0 1233 0 1266.687012
0 1234 0 1176.851074
0 1235 0 1122.949463
0 1236 0 1203.801880
0 1237 0 1376.736084
0 1238 0 1293.637817
0 1239 0 1163.375732
0 1240 0 1282.408325
0 1241 0 1210.539551
0 1242 0 1239.736206
0 1243 0 1298.129639
0 1244 0 1095.998657
0 1245 0 1365.506592
0 1246 0 1313.850952
0 1247 0 1309.359131
0 1248 0 1176.851074
0 1249 0 1322.834473
0 1250 0 1064.556152
0 1251 0 1111.719971
0 1252 0 1199.310059
0 1253 0 1280.162476
0 1254 0 1298.129639
0 1255 0 1170.113403
0 1256 0 1158.883911
0 1257 0 1147.654419
0 1258 0 1311.604980
0 1259 0 1224.014893
0 1260 0 1179.096924
0 1261 0 1282.408325
0 1262 0 1093.752808
0 1263 0 1102.736450
0 1264 0 1167.867432
0 1265 0 1145.408447
0 1266 0 1089.260986
0 1267 0 1268.932983
0 1268 0 1206.047729
0 1269 0 1250.965698
0 1270 0 1102.736450
0 1271 0 1100.490479
0 1272 0 1046.588989
0 1273 0 1140.916626
0 1274 0 1138.670776
0 1275 0 1201.555908
0 1276 0 1210.539551
0 1277 0 1152.146240
0 1278 0 1282.408325
0 1279 0 1201.555908
0 1280 0 1136.424927
0 1281 0 1224.014893
0 1282 0 1264.441162
0 1283 0 1266.687012
0 1284 0 1329.572144
0 1285 0 1111.719971
0 1286 0 1215.031372
0 1287 0 1259.949341
0 1288 0 1100.490479
0 1289 0 1381.227905
0 1290 0 1217.277222
0 1291 0 1206.047729
0 1292 0 1318.342651
0 1293 0 1111.719971
0 1294 0 1244.228027
0 1295 0 1206.047729
0 1296 0 1298.129639
0 1297 0 1131.933105
0 1298 0 1143.162598
0 1299 0 1250.965698
0 1300 0 1163.375732
0 1301 0 1273.424683
0 1302 0 1163.375732
0 1303 0 1311.604980
0 1304 0 1206.047729
0 1305 0 1156.637939
0 1306 0 1259.949341
0 1307 0 1172.359253
0 1308 0 1113.965942
0 1309 0 1217.277222
0 1311 0 1295.883667
0 1312 0 1316.096802
0 1313 0 1071.293823
0 1314 0 1239.736206
0 1315 0 1293.637817
0 1316 0 1300.375488
0 1317 0 1255.457520
0 1318 0 1165.621582
0 1319 0 1226.260864
0 1320 0 1282.408325
0 1321 0 1179.096924
0 1322 0 1194.818237
0 1323 0 1210.539551
0 1324 0 1188.080566
0 1325 0 1104.982300
0 1326 0 1140.916626
0 1327 0 1295.883667
0 1328 0 1224.014893
0 1329 0 1284.654175
0 1330 0 1221.769043
0 1331 0 1271.178833
0 1332 0 1095.998657
0 1333 0 1125.195435
0 1334 0 1158.883911
0 1335 0 1138.670776
0 1336 0 1075.785645
0 1337 0 1208.293701
0 1338 0 1208.293701
0 1339 0 1167.867432
0 1340 0 1149.900269
0 1341 0 1122.949463
0 1342 0 1109.474121
0 1343 0 1071.293823
0 1344 0 1120.703613
0 1345 0 1192.572388
0 1346 0 1257.703491
0 1347 0 1131.933105
0 1348 0 1224.014893
0 1349 0 1158.883911
0 1350 0 1203.801880
0 1351 0 1197.064209
0 1352 0 1206.047729
0 1353 0 1250.965698
0 1354 0 1340.801636
0 1355 0 1208.293701
0 1356 0 1156.637939
0 1357 0 1185.834717
0 1358 0 1109.474121
0 1359 0 1093.752808
0 1360 0 1300.375488
0 1361 0 1192.572388
0 1362 0 1246.473999
0 1363 0 1116.211792
0 1364 0 1158.883911
0 1365 0 1093.752808
0 1366 0 1051.080688
0 1367 0 1138.670776
0 1368 0 1170.113403
0 1369 0 1109.474121
0 1370 0 1143.162598
0 1371 0 1075.785645
0 1372 0 1120.703613
0 1373 0 1215.031372
0 1374 0 1176.851074
0 1375 0 1194.818237
0 1376 0 1329.572144
0 1377 0 1147.654419
0 1378 0 1111.719971
0 1379 0 1338.555786
0 1380 0 1156.637939
0 1381 0 1163.375732
0 1382 0 1230.752686
0 1383 0 1161.129761
0 1384 0 1354.277100
0 1385 0 1181.342896
0 1386 0 1163.375732
0 1387 0 1327.326294
0 1388 0 1237.490356
0 1390 0 1302.621460
0 1391 0 1282.408325
0 1392 0 1273.424683
0 1393 0 1246.473999
0 1395 0 1051.080688
0 1396 0 1181.342896
0 1397 0 1378.981934
0 1398 0 1215.031372
0 1399 0 1329.572144
0 1400 0 1156.637939
0 1401 0 1259.949341
0 1402 0 1138.670776
0 1403 0 1262.195190
0 1404 0 1192.572388
0 1405 0 1327.326294
0 1406 0 1095.998657
0 1407 0 1201.555908
0 1408 0 1268.932983
0 1409 0 1289.145996
0 1410 0 1284.654175
0 1411 0 1298.129639
0 1412 0 1405.932739
0 1413 0 1197.064209
0 1414 0 1125.195435
0 1415 0 1237.490356
0 1416 0 1237.490356
0 1417 0 1295.883667
0 1418 0 1145.408447
0 1419 0 1167.867432
0 1420 0 1206.047729
0 1421 0 1230.752686
0 1422 0 1102.736450
0 1423 0 1264.441162
0 1424 0 1224.014893
0 1425 0 1343.047607
0 1426 0 1194.818237
0 1428 0 1197.064209
0 1429 0 1226.260864
0 1430 0 1338.555786
0 1431 0 1192.572388
0 1432 0 1217.277222
0 1434 0 1075.785645
0 1435 0 1284.654175
0 1436 0 1277.916504
0 1437 0 1136.424927
0 1438 0 1179.096924
0 1439 0 1073.539673
0 1440 0 1140.916626
0 1441 0 1322.834473
0 1442 0 1078.031494
0 1443 0 1084.769165
0 1444 0 1111.719971
0 1445 0 1309.359131
0 1446 0 1201.555908
0 1447 0 1228.506714
0 1448 0 1237.490356
0 1449 0 1201.555908
0 1450 0 1226.260864
0 1451 0 1208.293701
0 1452 0 1282.408325
0 1453 0 1338.555786
0 1454 0 1259.949341
0 1455 0 1318.342651
0 1456 0 1167.867432
0 1457 0 1257.703491
0 1458 0 1181.342896
0 1459 0 1286.900146
0 1460 0 1194.818237
0 1461 0 1259.949341
0 1462 0 1334.063965
0 1463 0 1163.375732
0 1465 0 1300.375488
0 1466 0 1172.359253
0 1467 0 1167.867432
0 1468 0 1199.310059
0 1469 0 1089.260986
0 1470 0 1217.277222
0 1471 0 1116.211792
0 1472 0 1219.523193
0 1473 0 967.982483
0 1474 0 1120.703613
0 1475 0 1275.670654
0 1476 0 1176.851074
0 1477 0 1129.687134
0 1478 0 1118.457642
0 1479 0 1167.867432
0 1480 0 1450.850708
0 1481 0 1203.801880
0 1482 0 1235.244385
0 1484 0 1194.818237
0 1485 0 1228.506714
0 1486 0 1262.195190
0 1487 0 1356.522949
0 1488 0 1219.523193
0 1489 0 1244.228027
0 1490 0 1262.195190
0 1491 0 1208.293701
0 1492 0 1300.375488
0 1493 0 1327.326294
0 1494 0 1226.260864
0 1495 0 1275.670654
0 1496 0 1172.359253
0 1497 0 1338.555786
0 1498 0 1149.900269
0 1499 0 1116.211792
0 1500 0 1246.473999
0 1501 0 1390.211426
0 1502 0 1206.047729
0 1503 0 1183.588745
0 1504 0 1284.654175
0 1505 0 1194.818237
0 1506 0 1257.703491
0 1507 0 1244.228027
0 1508 0 1183.588745
0 1509 0 1179.096924
0 1510 0 1298.129639
0 1512 0 1210.539551
0 1513 0 1289.145996
0 1514 0 1295.883667
0 1515 0 1318.342651
0 1516 0 1307.113159
0 1517 0 1129.687134
0 1518 0 1134.178955
0 1519 0 1185.834717
0 1520 0 1078.031494
0 1521 0 1385.719727
0 1522 0 1208.293701
0 1523 0 1286.900146
0 1524 0 1174.605225
0 1525 0 1120.703613
0 1526 0 1237.490356
0 1527 0 1239.736206
0 1528 0 1241.982178
0 1529 0 1239.736206
0 1530 0 1219.523193
0 1531 0 1219.523193
0 1532 0 1170.113403
0 1533 0 1239.736206
0 1534 0 1347.539429
0 1535 0 1255.457520
0 1536 0 1154.392090
0 1537 0 1295.883667
0 1538 0 1250.965698
0 1539 0 1293.637817
0 1540 0 1190.326416
0 1541 0 1073.539673
0 1542 0 1318.342651
0 1543 0 1125.195435
0 1544 0 1291.391968
0 1545 0 1268.932983
0 1546 0 1253.211670
0 1547 0 1037.605347
0 1549 0 1087.015137
0 1550 0 1282.408325
0 1551 0 1374.490234
0 1552 0 1224.014893
0 1553 0 1365.506592
0 1554 0 1212.785400
0 1555 0 1289.145996
0 1556 0 1197.064209
0 1557 0 1462.080200
0 1558 0 1417.162231
0 1559 0 1361.014771
0 1560 0 1134.178955
0 1561 0 1271.178833
0 1562 0 1129.687134
0 1563 0 1396.949219
0 1564 0 1235.244385
0 1565 0 1264.441162
0 1566 0 1217.277222
0 1567 0 1118.457642
0 1568 0 1450.850708
0 1569 0 1232.998535
0 1570 0 1542.932617
0 1572 0 1147.654419
0 1574 0 1116.211792
0 1575 0 1237.490356
0 1576 0 1206.047729
0 1577 0 1343.047607
0 1578 0 1183.588745
0 1579 0 1340.801636
0 1580 0 1320.588623
0 1581 0 1109.474121
0 1582 0 1356.522949
0 1583 0 1331.818115
0 1584 0 1192.572388
0 1585 0 1257.703491
0 1586 0 1201.555908
0 1587 0 1280.162476
0 1588 0 1372.244263
0 1589 0 1271.178833
0 1590 0 1237.490356
0 1592 0 1235.244385
0 1593 0 1253.211670
0 1594 0 1208.293701
0 1595 0 1457.588501
0 1596 0 1264.441162
0 1597 0 1167.867432
0 1599 0 1107.228149
0 1600 0 1334.063965
0 1601 0 1145.408447
0 1602 0 1147.654419
0 1603 0 1165.621582
0 1605 0 1405.932739
0 1606 0 1069.047974
0 1607 0 1248.719849
0 1608 0 1345.293457
0 1609 0 1219.523193
0 1610 0 1140.916626
0 1612 0 1343.047607
0 1613 0 1280.162476
0 1614 0 1376.736084
0 1615 0 1239.736206
0 1616 0 1356.522949
0 1617 0 1230.752686
0 1618 0 1235.244385
0 1619 0 1250.965698
0 1620 0 1340.801636
0 1621 0 1284.654175
0 1622 0 1320.588623
0 1623 0 1116.211792
0 1624 0 1248.719849
0 1625 0 1349.785278
0 1626 0 1201.555908
0 1627 0 1300.375488
0 1628 0 1215.031372
0 1629 0 1221.769043
0 1630 0 1111.719971
0 1632 0 1421.654053
0 1634 0 1363.260742
0 1635 0 1363.260742
0 1636 0 1255.457520
0 1637 0 1131.933105
0 1638 0 1484.539185
0 1639 0 1199.310059
0 1640 0 1084.769165
0 1641 0 1179.096924
0 1642 0 954.507080
0 1643 0 1244.228027
0 1644 0 1275.670654
0 1645 0 1293.637817
0 1646 0 1192.572388
0 1647 0 1113.965942
0 1648 0 1232.998535
0 1649 0 1224.014893
0 1650 0 1311.604980
0 1651 0 1300.375488
0 1652 0 1201.555908
0 1653 0 1246.473999
0 1654 0 1432.883545
0 1657 0 1392.457397
0 1658 0 1421.654053
0 1659 0 1331.818115
0 1660 0 1208.293701
0 1661 0 1208.293701
0 1662 0 1257.703491
0 1663 0 1235.244385
0 1664 0 1118.457642
0 1665 0 1215.031372
0 1666 0 1253.211670
0 1667 0 1307.113159
0 1668 0 1232.998535
0 1669 0 1392.457397
0 1670 0 1183.588745
0 1671 0 1417.162231
0 1672 0 1352.031250
0 1673 0 1399.195068
0 1674 0 1215.031372
0 1675 0 1378.981934
0 1676 0 1172.359253
0 1677 0 1230.752686
0 1678 0 1403.686890
0 1679 0 1219.523193
0 1680 0 1311.604980
0 1681 0 1378.981934
0 1682 0 1271.178833
0 1683 0 1282.408325
0 1684 0 1471.063843
0 1685 0 1246.473999
0 1686 0 1363.260742
0 1687 0 1237.490356
0 1688 0 1201.555908
0 1689 0 1282.408325
0 1690 0 1208.293701
0 1691 0 1284.654175
0 1692 0 1331.818115
0 1693 0 1174.605225
0 1694 0 1071.293823
0 1695 0 1161.129761
0 1697 0 1264.441162
0 1698 0 1250.965698
0 1699 0 1154.392090
0 1700 0 1179.096924
0 1701 0 1073.539673
0 1702 0 1147.654419
0 1703 0 1100.490479
0 1705 0 1080.277466
0 1706 0 1250.965698
0 1707 0 1428.391724
0 1708 0 1217.277222
0 1709 0 1206.047729
0 1710 0 1311.604980
0 1711 0 1230.752686
0 1712 0 1176.851074
0 1713 0 1212.785400
0 1714 0 1383.473755
0 1715 0 1239.736206
0 1716 0 1255.457520
0 1717 0 1387.965576
0 1718 0 1327.326294
0 1719 0 1349.785278
0 1720 0 1226.260864
0 1721 0 1190.326416
0 1722 0 1268.932983
0 1723 0 1176.851074
0 1724 0 1201.555908
0 1725 0 1257.703491
0 1726 0 1352.031250
0 1727 0 1275.670654
0 1728 0 1271.178833
0 1729 0 1037.605347
0 1730 0 1338.555786
0 1731 0 1403.686890
0 1732 0 1291.391968
0 1733 0 1239.736206
0 1734 0 1291.391968
0 1735 0 1217.277222
0 1736 0 1412.670410
0 1737 0 1143.162598
0 1738 0 1257.703491
0 1739 0 1111.719971
0 1740 0 1185.834717
0 1741 0 1246.473999
0 1742 0 1322.834473
0 1743 0 1325.080444
0 1744 0 1244.228027
0 1745 0 1396.949219
0 1746 0 1116.211792
0 1747 0 1221.769043
0 1748 0 1228.506714
0 1751 0 1331.818115
0 1752 0 1284.654175
0 1753 0 1172.359253
0 1754 0 1340.801636
0 1755 0 1439.621216
0 1756 0 1237.490356
0 1757 0 1331.818115
0 1758 0 1349.785278
0 1759 0 1405.932739
0 1760 0 1235.244385
0 1761 0 1282.408325
0 1762 0 1291.391968
0 1763 0 1241.982178
0 1764 0 1255.457520
0 1765 0 1165.621582
0 1766 0 1235.244385
0 1767 0 1327.326294
0 1769 0 1282.408325
0 1770 0 1410.424561
0 1771 0 1361.014771
0 1772 0 1107.228149
0 1773 0 1111.719971
0 1774 0 1062.310181
0 1775 0 1320.588623
0 1776 0 1347.539429
0 1777 0 1143.162598
0 1778 0 1293.637817
0 1779 0 1237.490356
0 1781 0 1273.424683
0 1782 0 994.933228
0 1783 0 1250.965698
0 1784 0 1167.867432
0 1785 0 1311.604980
0 1786 0 1246.473999
0 1787 0 1300.375488
0 1789 0 1327.326294
0 1790 0 1298.129639
0 1791 0 1089.260986
0 1792 0 1062.310181
0 1793 0 1250.965698
0 1794 0 1262.195190
0 1795 0 1091.506958
0 1796 0 1185.834717
0 1797 0 1192.572388
0 1798 0 1304.867310
0 1799 0 1230.752686
0 1800 0 1259.949341
0 1801 0 1221.769043
0 1802 0 1331.818115
0 1803 0 1201.555908
0 1804 0 1394.703247
0 1805 0 1165.621582
0 1806 0 1280.162476
0 1807 0 1224.014893
0 1808 0 1179.096924
0 1809 0 1239.736206
0 1810 0 1203.801880
0 1811 0 1113.965942
0 1812 0 1275.670654
0 1813 0 1127.441284
0 1814 0 1176.851074
0 1815 0 1444.113037
0 1816 0 1174.605225
0 1817 0 1163.375732
0 1818 0 1248.719849
0 1819 0 1262.195190
0 1820 0 1293.637817
0 1821 0 1215.031372
0 1823 0 1239.736206
0 1824 0 1194.818237
0 1825 0 1336.309937
0 1827 0 1277.916504
0 1828 0 1154.392090
0 1829 0 1183.588745
0 1830 0 1087.015137
0 1831 0 1118.457642
0 1832 0 1248.719849
0 1833 0 1255.457520
0 1834 0 1197.064209
0 1836 0 1352.031250
0 1837 0 1345.293457
0 1838 0 1381.227905
0 1839 0 1228.506714
0 1840 0 1291.391968
0 1841 0 1282.408325
0 1843 0 1237.490356
0 1844 0 1107.228149
0 1845 0 1224.014893
0 1846 0 1399.195068
0 1847 0 1365.506592
0 1848 0 1322.834473
0 1849 0 1226.260864
0 1850 0 1232.998535
0 1851 0 1219.523193
0 1852 0 1271.178833
0 1853 0 1239.736206
0 1854 0 1325.080444
0 1856 0 1302.621460
0 1857 0 1340.801636
0 1858 0 1201.555908
0 1860 0 1152.146240
0 1861 0 1273.424683
0 1862 0 1215.031372
0 1863 0 1354.277100
0 1864 0 1329.572144
0 1865 0 1325.080444
0 1866 0 1170.113403
0 1867 0 1320.588623
0 1868 0 1257.703491
0 1869 0 1248.719849
0 1870 0 1354.277100
0 1871 0 1147.654419
0 1872 0 1273.424683
0 1873 0 1217.277222
0 1874 0 1336.309937
0 1876 0 1354.277100
0 1877 0 1194.818237
0 1878 0 1167.867432
0 1879 0 1167.867432
0 1880 0 1192.572388
0 1881 0 1241.982178
0 1882 0 1325.080444
0 1883 0 1215.031372
0 1884 0 1302.621460
0 1885 0 1268.932983
0 1886 0 1271.178833
0 1887 0 1179.096924
0 1888 0 1201.555908
0 1889 0 1392.457397
0 1890 0 1206.047729
0 1891 0 1174.605225
0 1892 0 1161.129761
0 1893 0 1107.228149
0 1894 0 1172.359253
0 1895 0 1143.162598
0 1896 0 1282.408325
0 1898 0 1060.064331
0 1899 0 1170.113403
0 1901 0 1174.605225
0 1902 0 1226.260864
0 1903 0 1181.342896
0 1904 0 1199.310059
0 1905 0 1203.801880
0 1906 0 1206.047729
0 1907 0 1273.424683
0 1908 0 1316.096802
0 1909 0 1248.719849
0 1911 0 1250.965698
0 1912 0 1174.605225
0 1913 0 1185.834717
0 1914 0 1230.752686
0 1915 0 1212.785400
0 1916 0 1257.703491
0 1917 0 1250.965698
0 1918 0 1250.965698
0 1919 0 1226.260864
0 1920 0 1235.244385
0 1921 0 1154.392090
0 1922 0 1230.752686
0 1923 0 1277.916504
0 1924 0 1042.097168
0 1926 0 1244.228027
0 1927 0 1369.998413
0 1928 0 1176.851074
0 1929 0 1293.637817
0 1930 0 1161.129761
0 1931 0 1271.178833
0 1932 0 1226.260864
0 1933 0 1316.096802
0 1934 0 1376.736084
0 1935 0 1329.572144
0 1936 0 1127.441284
0 1937 0 1259.949341
0 1938 0 1336.309937
0 1939 0 1161.129761
0 1940 0 1190.326416
0 1941 0 1275.670654
0 1942 0 1277.916504
0 1943 0 1349.785278
0 1944 0 1188.080566
0 1946 0 1302.621460
0 1947 0 1277.916504
0 1948 0 1170.113403
0 1949 0 1250.965698
0 1950 0 1228.506714
0 1951 0 1197.064209
0 1952 0 1268.932983
0 1953 0 1320.588623
0 1954 0 1170.113403
0 1955 0 1334.063965
0 1956 0 1212.785400
0 1957 0 1201.555908
0 1958 0 1239.736206
0 1959 0 1405.932739
0 1960 0 1217.277222
0 1961 0 1235.244385
0 1964 0 1345.293457
0 1966 0 1219.523193
0 1968 0 1262.195190
0 1970 0 1352.031250
0 1971 0 1363.260742
0 1972 0 1381.227905
0 1973 0 1271.178833
0 1974 0 1257.703491
0 1975 0 1349.785278
0 1976 0 1374.490234
0 1977 0 1273.424683
0 1978 0 1300.375488
0 1979 0 1264.441162
0 1980 0 1259.949341
0 1981 0 1219.523193
0 1982 0 1401.440918
0 1983 0 1188.080566
0 1984 0 1361.014771
0 1985 0 1291.391968
0 1986 0 1206.047729
0 1987 0 1203.801880
0 1988 0 1513.735962
0 1989 0 1356.522949
0 1990 0 1183.588745
0 1991 0 1136.424927
0 1992 0 1410.424561
0 1993 0 1352.031250
0 1994 0 1271.178833
0 1995 0 1356.522949
0 1996 0 1190.326416
0 1997 0 1230.752686
0 1998 0 1235.244385
0 1999 0 1286.900146
0 2000 0 1396.949219
0 2001 0 1253.211670
0 2002 0 1248.719849
0 2003 0 1221.769043
0 2004 0 1051.080688
0 2005 0 1093.752808
0 2006 0 1298.129639
0 2007 0 1107.228149
0 2009 0 1232.998535
0 2010 0 1210.539551
0 2011 0 1136.424927
0 2012 0 1215.031372
0 2013 0 1224.014893
0 2014 0 1174.605225
0 2015 0 1215.031372
0 2017 0 1374.490234
0 2018 0 1215.031372
0 2019 0 1354.277100
0 2020 0 1199.310059
0 2021 0 1183.588745
0 2022 0 1277.916504
0 2023 0 1075.785645
0 2024 0 1277.916504
0 2026 0 1208.293701
0 2027 0 1230.752686
0 2028 0 1015.146362
0 2029 0 1286.900146
0 2030 0 1316.096802
0 2031 0 1419.408203
0 2032 0 1102.736450
0 2033 0 1194.818237
0 2034 0 1163.375732
0 2035 0 1432.883545
0 2036 0 1224.014893
0 2039 0 1273.424683
0 2040 0 1019.638123
0 2041 0 1300.375488
0 2042 0 1188.080566
0 2044 0 1302.621460
0 2045 0 1210.539551
0 2046 0 1224.014893
0 2047 0 1235.244385
0 2048 0 1309.359131
0 2049 0 1206.047729
0 2050 0 1188.080566
0 2051 0 1125.195435
0 2052 0 1206.047729
0 2053 0 1318.342651
0 2054 0 1181.342896
0 2055 0 1232.998535
0 2056 0 1102.736450
0 2057 0 1244.228027
0 2058 0 1158.883911
0 2059 0 1266.687012
0 2060 0 1304.867310
0 2061 0 1190.326416
0 2062 0 1165.621582
0 2064 0 1237.490356
0 2065 0 1403.686890
0 2066 0 1340.801636
0 2067 0 1316.096802
0 2068 0 1221.769043
0 2069 0 1311.604980
0 2070 0 1262.195190
0 2071 0 1248.719849
0 2072 0 1131.933105
0 2073 0 1349.785278
0 2074 0 1201.555908
0 2075 0 1268.932983
0 2077 0 1300.375488
0 2078 0 1250.965698
0 2079 0 1172.359253
0 2080 0 1224.014893
0 2081 0 1266.687012
0 2083 0 1098.244629
0 2084 0 1084.769165
0 2086 0 1176.851074
0 2088 0 1078.031494
0 2089 0 1210.539551
0 2090 0 1291.391968
0 2091 0 1192.572388
0 2093 0 1268.932983
0 2094 0 1163.375732
0 2096 0 1253.211670
0 2097 0 1345.293457
0 2098 0 1183.588745
0 2099 0 1325.080444
0 2100 0 1201.555908
0 2101 0 1241.982178
0 2102 0 1235.244385
0 2103 0 1340.801636
0 2105 0 1318.342651
0 2106 0 1253.211670
0 2107 0 1217.277222
0 2108 0 1277.916504
0 2109 0 1327.326294
0 2110 0 1349.785278
0 2111 0 1210.539551
0 2112 0 1078.031494
0 2113 0 1291.391968
0 2115 0 1361.014771
0 2118 0 1277.916504
0 2119 0 1320.588623
0 2121 0 1356.522949
0 2122 0 1055.572510
0 2123 0 1138.670776
0 2124 0 1273.424683
0 2125 0 1154.392090
0 2126 0 1235.244385
0 2127 0 1271.178833
0 2128 0 1264.441162
0 2130 0 1284.654175
0 2131 0 1309.359131
0 2132 0 1376.736084
0 2133 0 1300.375488
0 2134 0 1403.686890
0 2135 0 1284.654175
0 2136 0 1210.539551
0 2137 0 1125.195435
0 2138 0 1293.637817
0 2139 0 1277.916504
0 2140 0 1374.490234
0 2141 0 1248.719849
0 2142 0 1264.441162
0 2143 0 1275.670654
0 2144 0 1356.522949
0 2145 0 1435.129395
0 2147 0 1309.359131
0 2149 0 1262.195190
0 2150 0 1259.949341
0 2151 0 1161.129761
0 2153 0 1286.900146
0 2154 0 1066.802002
0 2156 0 1113.965942
0 2157 0 1241.982178
0 2158 0 1257.703491
0 2159 0 1176.851074
0 2160 0 1262.195190
0 2161 0 1253.211670
0 2162 0 1266.687012
0 2163 0 1235.244385
0 2164 0 1273.424683
0 2165 0 1286.900146
0 2166 0 1268.932983
0 2167 0 1199.310059
0 2168 0 1230.752686
0 2169 0 1282.408325
0 2170 0 1450.850708
0 2171 0 1264.441162
0 2172 0 1235.244385
0 2173 0 1307.113159
0 2174 0 1250.965698
0 2175 0 1318.342651
0 2176 0 1500.260498
0 2177 0 1414.916382
0 2179 0 1273.424683
0 2180 0 1134.178955
0 2181 0 1352.031250
0 2182 0 1300.375488
0 2183 0 1147.654419
0 2185 0 1255.457520
0 2186 0 1113.965942
0 2187 0 1208.293701
0 2188 0 1210.539551
0 2189 0 1277.916504
0 2191 0 1179.096924
0 2192 0 1232.998535
0 2193 0 1264.441162
0 2194 0 954.507080
0 2195 0 1239.736206
0 2196 0 1232.998535
0 2197 0 1147.654419
0 2198 0 1284.654175
0 2199 0 1158.883911
0 2200 0 1060.064331
0 2201 0 1176.851074
0 2203 0 1300.375488
0 2205 0 1161.129761
0 2206 0 1208.293701
0 2207 0 1167.867432
0 2208 0 1149.900269
0 2209 0 1145.408447
0 2212 0 1224.014893
0 2214 0 1289.145996
0 2215 0 1253.211670
0 2217 0 1221.769043
0 2218 0 1293.637817
0 2219 0 1149.900269
0 2220 0 1271.178833
0 2221 0 1237.490356
0 2222 0 1239.736206
0 2223 0 1066.802002
0 2224 0 1217.277222
0 2225 0 1149.900269
0 2226 0 1116.211792
0 2227 0 1179.096924
0 2228 0 1057.818481
0 2229 0 1208.293701
0 2230 0 1271.178833
0 2232 0 1163.375732
0 2233 0 1158.883911
0 2234 0 1201.555908
0 2235 0 1264.441162
0 2236 0 1201.555908
0 2237 0 1513.735962
0 2238 0 1302.621460
0 2239 0 1154.392090
0 2240 0 1318.342651
0 2242 0 1174.605225
0 2243 0 1378.981934
0 2244 0 1134.178955
0 2245 0 1179.096924
0 2246 0 1170.113403
0 2248 0 1275.670654
0 2249 0 1158.883911
0 2251 0 1210.539551
0 2252 0 1104.982300
0 2255 0 1206.047729
0 2257 0 1190.326416
0 2258 0 1215.031372
0 2260 0 1257.703491
0 2261 0 1257.703491
0 2262 0 1239.736206
0 2263 0 1221.769043
0 2265 0 1210.539551
0 2266 0 1253.211670
0 2267 0 1277.916504
0 2269 0 1241.982178
0 2270 0 1313.850952
0 2272 0 1226.260864
0 2273 0 1293.637817
0 2274 0 1179.096924
0 2275 0 1206.047729
0 2276 0 1170.113403
0 2277 0 1345.293457
0 2278 0 1241.982178
0 2279 0 999.425049
0 2280 0 1181.342896
0 2281 0 1122.949463
0 2282 0 1185.834717
0 2284 0 1203.801880
0 2287 0 1183.588745
0 2288 0 1127.441284
0 2289 0 925.310364
0 2290 0 1208.293701
0 2291 0 1316.096802
0 2292 0 1280.162476
0 2294 0 1199.310059
0 2295 0 1248.719849
0 2296 0 1316.096802
0 2297 0 1322.834473
0 2298 0 1376.736084
0 2299 1 1574.375244
0 2301 0 1237.490356
0 2302 0 1250.965698
0 2303 0 1336.309937
0 2304 0 1255.457520
0 2305 0 1118.457642
0 2306 0 1295.883667
0 2307 0 1376.736084
0 2308 0 1080.277466
0 2310 0 1444.113037
0 2311 0 1185.834717
0 2312 0 1255.457520
0 2313 0 1179.096924
0 2314 0 1250.965698
0 2318 0 1248.719849
0 2319 0 1241.982178
0 2321 0 1331.818115
0 2322 0 1486.785156
0 2323 0 1325.080444
0 2324 0 1235.244385
0 2326 0 1275.670654
0 2327 0 1183.588745
0 2328 0 1149.900269
0 2329 0 1183.588745
0 2331 0 1147.654419
0 2333 0 1138.670776
0 2335 0 1340.801636
0 2336 0 1453.096680
0 2337 0 1311.604980
0 2338 0 1239.736206
0 2340 0 1361.014771
0 2342 0 1410.424561
0 2343 0 1498.014648
0 2344 0 1271.178833
0 2345 0 1311.604980
0 2346 0 1179.096924
0 2347 0 1250.965698
0 2348 0 1084.769165
0 2349 0 1210.539551
0 2351 0 1145.408447
0 2352 0 1163.375732
0 2353 0 1248.719849
0 2354 0 1131.933105
0 2355 0 1190.326416
0 2356 0 1201.555908
0 2357 0 1304.867310
0 2359 1 1682.178345
0 2360 0 1239.736206
0 2361 0 1390.211426
0 2363 0 1140.916626
0 2364 0 1244.228027
0 2365 0 1257.703491
0 2366 0 1286.900146
0 2367 0 1109.474121
0 2368 0 1129.687134
0 2369 0 1116.211792
0 2370 0 1174.605225
0 2371 0 1228.506714
0 2372 0 1192.572388
0 2374 0 1176.851074
0 2375 0 1226.260864
0 2376 0 1219.523193
0 2377 0 1343.047607
0 2378 0 1062.310181
0 2380 0 1199.310059
0 2381 0 1295.883667
0 2382 0 1446.359009
0 2383 0 1232.998535
0 2384 0 1423.899902
0 2385 0 1430.637695
0 2386 0 1230.752686
0 2387 0 1219.523193
0 2388 0 1311.604980
0 2389 0 1313.850952
0 2390 0 1183.588745
0 2391 0 1217.277222
0 2392 0 1107.228149
0 2393 0 1311.604980
0 2395 0 1165.621582
0 2396 0 1248.719849
0 2397 0 1163.375732
0 2398 0 1183.588745
0 2399 0 1176.851074
0 2400 0 1228.506714
0 2401 0 1264.441162
0 2402 0 1185.834717
0 2403 0 1217.277222
0 2404 0 1145.408447
0 2405 0 1203.801880
0 2406 0 1286.900146
0 2408 0 1048.834839
0 2409 0 1147.654419
0 2410 0 1248.719849
0 2411 0 1215.031372
0 2412 0 1006.162720
0 2414 0 1275.670654
0 2415 0 1259.949341
0 2416 0 1010.654541
1 30 0 6906.139160
1 31 0 7067.844238
1 47 0 6836.516602
1 48 0 6908.385254
1 49 0 7070.089844
1 50 0 6564.762695
1 67 0 7063.352539
1 68 0 6227.877930
1 69 0 6719.729980
1 70 0 6854.483887
1 71 0 6376.107422
1 72 0 6937.582031
1 91 0 6656.844727
1 92 -1 1983.128784
1 93 0 6027.992676
1 94 0 6629.894043
1 95 0 6212.156738
1 96 0 6203.172852
1 115 0 6524.336426
1 116 0 6679.303711
1 117 0 6575.992188
1 118 0 6582.729980
1 119 0 6499.631836
1 120 0 6816.303223
1 121 0 6663.582520
1 122 0 6735.451172
1 142 0 6355.894043
1 143 0 6805.073730
1 144 0 6919.614746
1 145 0 6596.205566
1 146 0 6553.533203
1 147 0 6589.467773
1 148 0 6894.909668
1 149 0 6535.565918
1 150 0 6454.713867
1 171 0 6470.435059
1 172 0 6526.582520
1 173 0 6382.844727
1 174 0 6270.549805
1 175 0 6281.779297
1 176 0 6515.353027
1 177 0 6335.681152
1 178 0 7065.598145
1 179 0 7182.384766
1 180 0 6827.532715
1 202 0 6551.287109
1 203 0 6629.894043
1 204 0 6542.303711
1 205 0 6728.713379
1 206 0 6468.188965
1 207 0 6351.402344
1 208 0 6436.746582
1 209 0 6677.057617
1 210 0 6823.041016
1 211 0 6447.976074
1 233 0 6921.860840
1 234 0 6504.123535
1 235 0 6122.320801
1 236 0 6497.385742
1 237 0 6706.254395
1 238 0 6948.811523
1 239 0 6313.222168
1 240 0 6798.336426
1 241 0 6333.435059
1 242 0 7162.171875
1 243 0 6710.746094
1 263 0 6052.697754
1 265 0 6672.565918
1 266 0 6879.188477
1 267 0 6465.943359
1 268 0 6672.565918
1 269 0 6310.976074
1 271 0 6524.336426
1 272 0 6564.762695
1 273 0 6780.369141
1 274 0 6522.090820
1 275 0 6771.385254
1 276 0 6766.893555
1 296 0 6421.025391
1 297 0 6425.517090
1 298 0 7097.041016
1 299 0 6847.746094
1 300 0 6899.401855
1 301 0 6277.287598
1 302 0 6286.271484
1 303 0 6430.008789
1 304 0 6084.140137
1 305 0 6757.910156
1 306 0 6027.992676
1 307 0 6885.926270
1 308 0 6881.434570
1 309 0 6957.794922
1 310 0 6553.533203
1 331 0 6948.811523
1 332 0 6535.565918
1 333 0 6686.041504
1 334 0 6506.369141
1 335 0 6438.992188
1 336 0 6522.090820
1 337 0 6382.844727
1 338 0 6162.746582
1 339 0 6299.746582
1 340 0 6418.779297
1 341 0 6486.156250
1 342 0 6942.073730
1 343 0 6510.861328
1 344 0 6865.713379
1 345 0 6479.418457
1 366 0 6894.909668
1 367 0 6668.074219
1 368 0 6814.057617
1 369 0 6818.549316
1 370 0 6376.107422
1 374 0 6232.369629
1 375 0 6097.615723
1 376 0 6452.467773
1 377 0 6901.647461
1 378 0 6582.729980
1 379 0 6632.139648
1 380 0 6879.188477
1 381 0 7243.024414
1 400 0 6708.500488
1 401 0 6506.369141
1 402 0 6766.893555
1 403 0 7216.073242
1 404 0 6434.500488
1 406 0 6443.484375
1 408 0 6162.746582
1 409 0 6551.287109
1 410 0 6447.976074
1 411 0 6486.156250
1 412 0 6378.353027
1 414 0 6441.238281
1 415 0 6724.221680
1 416 0 6946.565430
1 434 0 6876.942871
1 435 0 6733.205078
1 436 0 6775.877441
1 438 0 6344.664551
1 439 0 6396.320312
1 440 0 6315.467773
1 441 0 6241.353516
1 442 0 6567.008789
1 444 0 6007.779785
1 445 0 6405.303711
1 446 0 6524.336426
1 447 0 6623.156250
1 448 0 6587.221680
1 449 0 7022.926270
1 467 0 6791.598633
1 468 0 6863.467285
1 469 0 6279.533691
1 470 0 6378.353027
1 471 0 6472.680664
1 472 0 6569.254395
1 474 0 6427.762695
1 475 0 6510.861328
1 476 0 6492.894043
1 477 0 6463.697266
1 478 0 6355.894043
1 479 0 6362.631836
1 480 0 6380.599121
1 496 0 6629.894043
1 497 0 6919.614746
1 498 0 6470.435059
1 499 0 6798.336426
1 500 0 6293.008789
1 501 0 6737.696777
1 502 0 6414.287598
1 504 0 6569.254395
1 505 0 6618.664551
1 506 0 6470.435059
1 507 0 6412.041504
1 508 0 6526.582520
1 510 0 6793.844238
1 526 0 6142.533691
1 527 0 7083.565430
1 528 0 6281.779297
1 529 0 6223.386230
1 530 0 6284.025391
1 531 0 6488.402344
1 532 0 6492.894043
1 533 0 6456.959473
1 534 0 6717.483887
1 535 0 6647.860840
1 537 0 6490.647949
1 538 0 6164.992676
1 553 0 6239.107422
1 554 0 6227.877930
1 555 0 6699.516602
1 556 0 6580.483887
1 557 0 6412.041504
1 559 0 6915.123047
1 560 0 6656.844727
1 561 0 6261.566406
1 562 0 6263.812500
1 563 0 6111.091309
1 564 0 6111.091309
1 579 0 6355.894043
1 580 0 6414.287598
1 581 0 6674.812012
1 582 0 6688.287109
1 584 0 6670.319824
1 585 0 7247.516113
1 586 0 6611.926758
1 587 0 6151.517090
1 588 0 6153.763184
1 589 0 6200.927246
1 590 0 5967.353516
1 591 0 6254.828613
1 605 0 6306.484375
1 606 0 6409.795898
1 607 0 6679.303711
1 609 0 6724.221680
1 610 0 6438.992188
1 611 0 6618.664551
1 612 0 6692.778809
1 613 0 6403.058105
1 614 0 7067.844238
1 615 0 6126.812500
1 616 0 6054.943848
1 631 0 6753.418457
1 632 0 6470.435059
1 634 0 6596.205566
1 636 0 7341.843750
1 637 0 6715.237793
1 638 0 6364.877930
1 639 0 6589.467773
1 640 0 6441.238281
1 641 0 6241.353516
1 642 0 6034.730469
1 643 0 6423.270996
1 658 0 6454.713867
1 659 0 6456.959473
1 660 0 6470.435059
1 661 0 6618.664551
1 662 0 6605.188965
1 663 0 6791.598633
1 664 0 6506.369141
1 665 0 6349.156250
1 666 0 6531.074219
1 667 0 6324.451660
1 668 0 6775.877441
1 669 0 6414.287598
1 670 0 6465.943359
1 684 0 6194.189453
1 685 0 6499.631836
1 686 0 6389.582520
1 687 0 6342.418945
1 688 0 6571.500488
1 689 0 6376.107422
1 690 0 6656.844727
1 693 0 6454.713867
1 694 0 6733.205078
1 695 0 6528.828125
1 696 0 6090.877930
1 697 0 6315.467773
1 710 0 6998.221191
1 711 0 6394.074219
1 713 0 6373.861328
1 714 0 6587.221680
1 715 0 6483.910156
1 716 0 6371.615234
1 717 0 6690.533203
1 718 0 6957.794922
1 719 0 6757.910156
1 720 0 6281.779297
1 721 0 6342.418945
1 722 0 6472.680664
1 723 0 6773.631348
1 724 0 6611.926758
1 725 0 6562.516602
1 726 0 6156.009277
1 727 0 6553.533203
1 738 0 6811.811523
1 739 0 6609.680664
1 740 0 6874.696777
1 741 0 6445.729980
1 743 0 6261.566406
1 744 0 6317.713867
1 746 0 5974.091309
1 748 0 6272.795898
1 769 0 6663.582520
1 771 0 6652.353027
1 772 0 6452.467773
1 773 0 6522.090820
1 775 0 6252.583008
1 776 0 6243.599121
1 779 0 6164.992676
1 780 0 6266.058105
1 800 0 6971.270508
1 801 0 6845.500000
1 802 0 6825.287109
1 803 0 6874.696777
1 805 0 6690.533203
1 806 0 6760.155762
1 807 0 6771.385254
1 808 0 6654.598633
1 809 0 6275.041992
1 810 0 6257.074707
1 812 0 6328.943359
1 814 0 6171.730469
1 828 0 6760.155762
1 829 0 6614.172363
1 830 0 6890.417969
1 831 0 6519.844727
1 832 0 6683.795410
1 833 0 6697.270996
1 834 0 6793.844238
1 835 0 7031.909668
1 837 0 6962.286621
1 838 0 7227.302734
1 840 0 6537.812012
1 842 0 6870.205078
1 843 0 6751.172363
1 844 0 5435.075684
1 845 0 6277.287598
1 846 0 6310.976074
1 847 0 6248.090820
1 848 0 6344.664551
1 862 0 7049.876953
1 865 0 6832.024902
1 867 0 6591.713379
1 868 0 6567.008789
1 869 0 6769.139648
1 872 0 7009.450684
1 875 0 6784.860840
1 877 0 6951.057129
1 878 0 6295.254883
1 879 0 6036.976562
1 880 0 6189.697754
1 882 0 6115.583008
1 883 0 6194.189453
1 896 0 6681.549316
1 898 0 6823.041016
1 900 0 6438.992188
1 901 0 6730.959473
1 902 0 6593.959473
1 903 0 6757.910156
1 905 0 6751.172363
1 906 0 7103.778320
1 907 0 6762.401855
1 908 0 7141.958984
1 909 0 7065.598145
1 910 0 7285.696289
1 911 0 7018.434570
1 912 0 6200.927246
1 913 0 6198.681152
1 914 0 6360.385742
1 915 0 6138.041992
1 916 0 6364.877930
1 917 0 6099.861816
1 931 0 6674.812012
1 932 0 6784.860840
1 933 0 6456.959473
1 934 0 6964.532715
1 935 0 6582.729980
1 936 0 6737.696777
1 937 0 7040.893555
1 938 0 7303.663574
1 939 0 6915.123047
1 940 0 7027.417969
1 942 0 7148.696289
1 943 0 7009.450684
1 944 0 6746.680664
1 945 0 6270.549805
1 946 0 6319.959961
1 947 0 6212.156738
1 948 0 6218.894531
1 949 0 5985.320801
1 950 0 6272.795898
1 951 0 6315.467773
1 963 0 6501.877441
1 964 0 7123.991699
1 965 0 6526.582520
1 966 0 6816.303223
1 967 0 6706.254395
1 969 0 6560.270996
1 970 0 6616.418457
1 971 0 7222.811035
1 972 0 6526.582520
1 973 0 6551.287109
1 974 0 6683.795410
1 975 0 6744.434570
1 976 0 5933.665039
1 977 0 6027.992676
1 978 0 6196.435547
1 979 0 6333.435059
1 980 0 6250.336914
1 981 0 6342.418945
1 982 0 6216.648438
1 983 0 6499.631836
1 994 0 6481.664551
1 995 0 6625.401855
1 997 0 7141.958984
1 998 0 6728.713379
1 1000 0 6892.664062
1 1001 0 6313.222168
1 1002 0 6919.614746
1 1005 0 6441.238281
1 1006 0 6048.206055
1 1008 0 6261.566406
1 1009 0 6461.451172
1 1010 0 6203.172852
1 1011 0 6016.763184
1 1012 0 6147.025391
1 1013 0 6023.500977
1 1014 0 6236.861328
1 1026 0 6982.500000
1 1027 0 7350.827148
1 1028 1 8469.285156
1 1029 0 6933.090332
1 1032 0 6133.550293
1 1035 0 6400.812012
1 1036 0 6234.615723
1 1038 0 6205.418945
1 1039 0 6371.615234
1 1040 0 6144.779785
1 1041 0 6025.747070
1 1042 0 6371.615234
1 1043 0 6243.599121
1 1044 0 6180.713867
1 1055 0 7236.286621
1 1056 0 6942.073730
1 1057 0 6910.631348
1 1058 0 6218.894531
1 1059 0 6876.942871
1 1064 0 6391.828613
1 1065 0 6558.024902
1 1067 0 6039.222168
1 1068 0 6200.927246
1 1069 0 6263.812500
1 1070 0 6140.287598
1 1071 0 6054.943848
1 1072 0 6160.500977
1 1073 0 6180.713867
1 1085 0 7022.926270
1 1088 0 6079.648438
1 1089 0 6717.483887
1 1091 0 6944.319824
1 1094 0 6499.631836
1 1095 0 6499.631836
1 1096 0 6293.008789
1 1097 0 6319.959961
1 1099 0 6178.468262
1 1100 0 6207.665039
1 1101 0 6423.270996
1 1112 0 6254.828613
1 1113 0 6425.517090
1 1114 0 6474.926758
1 1115 0 6367.123535
1 1116 0 6546.795410
1 1117 0 6668.074219
1 1118 0 6501.877441
1 1119 0 6317.713867
1 1120 0 6243.599121
1 1121 0 6297.500977
1 1123 0 6189.697754
1 1124 0 5956.124023
1 1126 0 6160.500977
1 1138 0 6126.812500
1 1139 0 6364.877930
1 1140 0 6692.778809
1 1141 0 6793.844238
1 1142 0 6834.270508
1 1143 0 6472.680664
1 1144 0 6337.926758
1 1145 0 6205.418945
1 1146 0 6142.533691
1 1147 0 6104.353516
1 1148 0 6160.500977
1 1149 0 6111.091309
1 1150 0 7112.762207
1 1151 0 6852.237793
1 1162 0 6481.664551
1 1163 0 6930.844238
1 1164 0 6825.287109
1 1165 0 6580.483887
1 1166 0 6259.320312
1 1167 0 6378.353027
1 1169 0 6270.549805
1 1170 0 6156.009277
1 1171 0 6081.894531
1 1172 0 6780.369141
1 1173 0 6836.516602
1 1182 0 6373.861328
1 1183 0 6944.319824
1 1184 0 7137.466797
1 1186 0 6742.188965
1 1187 0 6409.795898
1 1200 0 6791.598633
1 1201 0 6371.615234
1 1203 0 6245.845215
1 1204 0 6564.762695
1 1214 0 6232.369629
1 1215 0 6823.041016
1 1222 0 6906.139160
1 1223 0 6641.123535
1 1224 0 6733.205078
1 1225 0 6870.205078
1 1226 0 6872.450684
1 1227 0 6620.910156
1 1229 0 6310.976074
1 1230 0 5929.173340
1 1231 0 6160.500977
1 1236 0 5630.468750
